N=5120,K=5120,nth=1

#M      ;     32;     64;     96;    128;    160;    192;    224;    256;    288;    320;    352;    384;    416;    448;    480;    512
#0_0_CPU;     46;     93;    145;    200;    288;    354;    383;    496;    519;    589;    639;    726;    870;    845;    895;    949
#0_1_CPU;  42635;  85913; 133317; 176634; 215409; 255494; 298815; 349374; 389271; 428888; 481328; 518770; 563086; 602011; 649253; 721154
#0_total;  42681;  86006; 133462; 176834; 215697; 255848; 299198; 349870; 389790; 429477; 481967; 519496; 563956; 602856; 650148; 722103
#1_0_CPU;  17674;  17427;  17255;  17201;  17236;  17454;  17764;  17348;  17508;  20631;  17588;  17222;  17574;  17283;  17341;  17432
#1_1_GPU;  11020;  12877;  16627;  17648;  22390;  27531;  31368;  36554;  42136;  48039;  56210;  62098;  70566;  73244;  79586;  86550
#1_total;  28694;  30304;  33882;  34849;  39626;  44985;  49132;  53902;  59644;  68670;  73798;  79320;  88140;  90527;  96927; 103982

N=5120,K=5120,nth=2

#M      ;     32;     64;     96;    128;    160;    192;    224;    256;    288;    320;    352;    384;    416;    448;    480;    512
#0_0_CPU;     46;     93;    145;    200;    288;    354;    383;    496;    519;    589;    639;    726;    870;    845;    895;    949
#0_1_CPU;  21317;  42956;  66658;  88317; 107704; 127747; 149407; 174687; 194635; 214444; 240664; 259385; 281543; 301005; 324626; 360577
#0_total;  21363;  43049;  66803;  88517; 107992; 128101; 149790; 175183; 195154; 215033; 241303; 260111; 282413; 301850; 325521; 361526
#1_0_CPU;   8837;   8713;   8627;   8600;   8618;   8727;   8882;   8674;   8754;  10315;   8794;   8611;   8787;   8641;   8670;   8716
#1_1_GPU;  11020;  12877;  16627;  17648;  22390;  27531;  31368;  36554;  42136;  48039;  56210;  62098;  70566;  73244;  79586;  86550
#1_total;  19857;  21590;  25254;  26248;  31008;  36258;  40250;  45228;  50890;  58354;  65004;  70709;  79353;  81885;  88256;  95266

N=5120,K=5120,nth=4

#M      ;     32;     64;     96;    128;    160;    192;    224;    256;    288;    320;    352;    384;    416;    448;    480;    512
#0_0_CPU;     46;     93;    145;    200;    288;    354;    383;    496;    519;    589;    639;    726;    870;    845;    895;    949
#0_1_CPU;  10658;  21478;  33329;  44158;  53852;  63873;  74703;  87343;  97317; 107222; 120332; 129692; 140771; 150502; 162313; 180288
#0_total;  10704;  21571;  33474;  44358;  54140;  64227;  75086;  87839;  97836; 107811; 120971; 130418; 141641; 151347; 163208; 181237
#1_0_CPU;   4418;   4356;   4313;   4300;   4309;   4363;   4441;   4337;   4377;   5157;   4397;   4305;   4393;   4320;   4335;   4358
#1_1_GPU;  11020;  12877;  16627;  17648;  22390;  27531;  31368;  36554;  42136;  48039;  56210;  62098;  70566;  73244;  79586;  86550
#1_total;  15438;  17233;  20940;  21948;  26699;  31894;  35809;  40891;  46513;  53196;  60607;  66403;  74959;  77564;  83921;  90908

N=5120,K=5120,nth=6

#M      ;     32;     64;     96;    128;    160;    192;    224;    256;    288;    320;    352;    384;    416;    448;    480;    512
#0_0_CPU;     46;     93;    145;    200;    288;    354;    383;    496;    519;    589;    639;    726;    870;    845;    895;    949
#0_1_CPU;   7105;  14318;  22219;  29439;  35901;  42582;  49802;  58229;  64878;  71481;  80221;  86461;  93847; 100335; 108208; 120192
#0_total;   7151;  14411;  22364;  29639;  36189;  42936;  50185;  58725;  65397;  72070;  80860;  87187;  94717; 101180; 109103; 121141
#1_0_CPU;   2945;   2904;   2875;   2866;   2872;   2909;   2960;   2891;   2918;   3438;   2931;   2870;   2929;   2880;   2890;   2905
#1_1_GPU;  11020;  12877;  16627;  17648;  22390;  27531;  31368;  36554;  42136;  48039;  56210;  62098;  70566;  73244;  79586;  86550
#1_total;  13965;  15781;  19502;  20514;  25262;  30440;  34328;  39445;  45054;  51477;  59141;  64968;  73495;  76124;  82476;  89455

N=5120,K=5120,nth=8

#M      ;     32;     64;     96;    128;    160;    192;    224;    256;    288;    320;    352;    384;    416;    448;    480;    512
#0_0_CPU;     46;     93;    145;    200;    288;    354;    383;    496;    519;    589;    639;    726;    870;    845;    895;    949
#0_1_CPU;   5329;  10739;  16664;  22079;  26926;  31936;  37351;  43671;  48658;  53611;  60166;  64846;  70385;  75251;  81156;  90144
#0_total;   5375;  10832;  16809;  22279;  27214;  32290;  37734;  44167;  49177;  54200;  60805;  65572;  71255;  76096;  82051;  91093
#1_0_CPU;   2209;   2178;   2156;   2150;   2154;   2181;   2220;   2168;   2188;   2578;   2198;   2152;   2196;   2160;   2167;   2179
#1_1_GPU;  11020;  12877;  16627;  17648;  22390;  27531;  31368;  36554;  42136;  48039;  56210;  62098;  70566;  73244;  79586;  86550
#1_total;  13229;  15055;  18783;  19798;  24544;  29712;  33588;  38722;  44324;  50617;  58408;  64250;  72762;  75404;  81753;  88729

N=5120,K=13824,nth=1

#M      ;     32;     64;     96;    128;    160;    192;    224;    256;    288;    320;    352;    384;    416;    448;    480;    512
#0_0_CPU;    165;    350;    456;    651;    782;    936;   1145;   1509;   1495;   1602;   2291;   2205;   2137;   2678;   2450;   2911
#0_1_CPU; 112975; 225742; 339291; 457920; 573252; 716617; 814899; 926832;1065159;1177150;1321415;1471874;1651723;1789568;2035955;2206968
#0_total; 113140; 226092; 339747; 458571; 574034; 717553; 816044; 928341;1066654;1178752;1323706;1474079;1653860;1792246;2038405;2209879
#1_0_CPU;  46653;  47323;  47237;  46422;  47085;  46391;  47156;  47128;  49724;  46475;  46556;  47464;  46056;  46639;  47703;  46664
#1_1_GPU;  18527;  25872;  33958;  43494;  48117;  61324;  72627;  87853; 110351; 115676; 134643; 146916; 161583; 177620; 190488; 209700
#1_total;  65180;  73195;  81195;  89916;  95202; 107715; 119783; 134981; 160075; 162151; 181199; 194380; 207639; 224259; 238191; 256364

N=5120,K=13824,nth=2

#M      ;     32;     64;     96;    128;    160;    192;    224;    256;    288;    320;    352;    384;    416;    448;    480;    512
#0_0_CPU;    165;    350;    456;    651;    782;    936;   1145;   1509;   1495;   1602;   2291;   2205;   2137;   2678;   2450;   2911
#0_1_CPU;  56487; 112871; 169645; 228960; 286626; 358308; 407449; 463416; 532579; 588575; 660707; 735937; 825861; 894784;1017977;1103484
#0_total;  56652; 113221; 170101; 229611; 287408; 359244; 408594; 464925; 534074; 590177; 662998; 738142; 827998; 897462;1020427;1106395
#1_0_CPU;  23326;  23661;  23618;  23211;  23542;  23195;  23578;  23564;  24862;  23237;  23278;  23732;  23028;  23319;  23851;  23332
#1_1_GPU;  18527;  25872;  33958;  43494;  48117;  61324;  72627;  87853; 110351; 115676; 134643; 146916; 161583; 177620; 190488; 209700
#1_total;  41853;  49533;  57576;  66705;  71659;  84519;  96205; 111417; 135213; 138913; 157921; 170648; 184611; 200939; 214339; 233032

N=5120,K=13824,nth=4

#M      ;     32;     64;     96;    128;    160;    192;    224;    256;    288;    320;    352;    384;    416;    448;    480;    512
#0_0_CPU;    165;    350;    456;    651;    782;    936;   1145;   1509;   1495;   1602;   2291;   2205;   2137;   2678;   2450;   2911
#0_1_CPU;  28243;  56435;  84822; 114480; 143313; 179154; 203724; 231708; 266289; 294287; 330353; 367968; 412930; 447392; 508988; 551742
#0_total;  28408;  56785;  85278; 115131; 144095; 180090; 204869; 233217; 267784; 295889; 332644; 370173; 415067; 450070; 511438; 554653
#1_0_CPU;  11663;  11830;  11809;  11605;  11771;  11597;  11789;  11782;  12431;  11618;  11639;  11866;  11514;  11659;  11925;  11666
#1_1_GPU;  18527;  25872;  33958;  43494;  48117;  61324;  72627;  87853; 110351; 115676; 134643; 146916; 161583; 177620; 190488; 209700
#1_total;  30190;  37702;  45767;  55099;  59888;  72921;  84416;  99635; 122782; 127294; 146282; 158782; 173097; 189279; 202413; 221366

N=5120,K=13824,nth=6

#M      ;     32;     64;     96;    128;    160;    192;    224;    256;    288;    320;    352;    384;    416;    448;    480;    512
#0_0_CPU;    165;    350;    456;    651;    782;    936;   1145;   1509;   1495;   1602;   2291;   2205;   2137;   2678;   2450;   2911
#0_1_CPU;  18829;  37623;  56548;  76320;  95542; 119436; 135816; 154472; 177526; 196191; 220235; 245312; 275287; 298261; 339325; 367828
#0_total;  18994;  37973;  57004;  76971;  96324; 120372; 136961; 155981; 179021; 197793; 222526; 247517; 277424; 300939; 341775; 370739
#1_0_CPU;   7775;   7887;   7872;   7737;   7847;   7731;   7859;   7854;   8287;   7745;   7759;   7910;   7676;   7773;   7950;   7777
#1_1_GPU;  18527;  25872;  33958;  43494;  48117;  61324;  72627;  87853; 110351; 115676; 134643; 146916; 161583; 177620; 190488; 209700
#1_total;  26302;  33759;  41830;  51231;  55964;  69055;  80486;  95707; 118638; 123421; 142402; 154826; 169259; 185393; 198438; 217477

N=5120,K=13824,nth=8

#M      ;     32;     64;     96;    128;    160;    192;    224;    256;    288;    320;    352;    384;    416;    448;    480;    512
#0_0_CPU;    165;    350;    456;    651;    782;    936;   1145;   1509;   1495;   1602;   2291;   2205;   2137;   2678;   2450;   2911
#0_1_CPU;  14121;  28217;  42411;  57240;  71656;  89577; 101862; 115854; 133144; 147143; 165176; 183984; 206465; 223696; 254494; 275871
#0_total;  14286;  28567;  42867;  57891;  72438;  90513; 103007; 117363; 134639; 148745; 167467; 186189; 208602; 226374; 256944; 278782
#1_0_CPU;   5831;   5915;   5904;   5802;   5885;   5798;   5894;   5891;   6215;   5809;   5819;   5933;   5757;   5829;   5962;   5833
#1_1_GPU;  18527;  25872;  33958;  43494;  48117;  61324;  72627;  87853; 110351; 115676; 134643; 146916; 161583; 177620; 190488; 209700
#1_total;  24358;  31787;  39862;  49296;  54002;  67122;  78521;  93744; 116566; 121485; 140462; 152849; 167340; 183449; 196450; 215533

N=13824,K=5120,nth=1

#M      ;     32;     64;     96;    128;    160;    192;    224;    256;    288;    320;    352;    384;    416;    448;    480;    512
#0_0_CPU;     47;    133;    176;    198;    254;    373;    378;    537;    552;    574;    680;    689;    858;    969;    900;    982
#0_1_CPU; 111733; 236014; 353971; 470753; 579801; 706613; 825294; 939493;1065321;1170997;1302861;1401815;1527524;1629816;1761172;1922115
#0_total; 111780; 236147; 354147; 470951; 580055; 706986; 825672; 940030;1065873;1171571;1303541;1402504;1528382;1630785;1762072;1923097
#1_0_CPU;  47012;  47263;  47304;  48934;  46810;  47442;  46920;  47466;  47400;  46984;  46743;  48307;  46961;  47577;  46877;  47336
#1_1_GPU;  35396;  43750;  49774;  60973;  71304;  80840;  90658; 101709; 112723; 123975; 132676; 145811; 157893; 170080; 180760; 193852
#1_total;  82408;  91013;  97078; 109907; 118114; 128282; 137578; 149175; 160123; 170959; 179419; 194118; 204854; 217657; 227637; 241188

N=13824,K=5120,nth=2

#M      ;     32;     64;     96;    128;    160;    192;    224;    256;    288;    320;    352;    384;    416;    448;    480;    512
#0_0_CPU;     47;    133;    176;    198;    254;    373;    378;    537;    552;    574;    680;    689;    858;    969;    900;    982
#0_1_CPU;  55866; 118007; 176985; 235376; 289900; 353306; 412647; 469746; 532660; 585498; 651430; 700907; 763762; 814908; 880586; 961057
#0_total;  55913; 118140; 177161; 235574; 290154; 353679; 413025; 470283; 533212; 586072; 652110; 701596; 764620; 815877; 881486; 962039
#1_0_CPU;  23506;  23631;  23652;  24467;  23405;  23721;  23460;  23733;  23700;  23492;  23371;  24153;  23480;  23788;  23438;  23668
#1_1_GPU;  35396;  43750;  49774;  60973;  71304;  80840;  90658; 101709; 112723; 123975; 132676; 145811; 157893; 170080; 180760; 193852
#1_total;  58902;  67381;  73426;  85440;  94709; 104561; 114118; 125442; 136423; 147467; 156047; 169964; 181373; 193868; 204198; 217520

N=13824,K=5120,nth=4

#M      ;     32;     64;     96;    128;    160;    192;    224;    256;    288;    320;    352;    384;    416;    448;    480;    512
#0_0_CPU;     47;    133;    176;    198;    254;    373;    378;    537;    552;    574;    680;    689;    858;    969;    900;    982
#0_1_CPU;  27933;  59003;  88492; 117688; 144950; 176653; 206323; 234873; 266330; 292749; 325715; 350453; 381881; 407454; 440293; 480528
#0_total;  27980;  59136;  88668; 117886; 145204; 177026; 206701; 235410; 266882; 293323; 326395; 351142; 382739; 408423; 441193; 481510
#1_0_CPU;  11753;  11815;  11826;  12233;  11702;  11860;  11730;  11866;  11850;  11746;  11685;  12076;  11740;  11894;  11719;  11834
#1_1_GPU;  35396;  43750;  49774;  60973;  71304;  80840;  90658; 101709; 112723; 123975; 132676; 145811; 157893; 170080; 180760; 193852
#1_total;  47149;  55565;  61600;  73206;  83006;  92700; 102388; 113575; 124573; 135721; 144361; 157887; 169633; 181974; 192479; 205686

N=13824,K=5120,nth=6

#M      ;     32;     64;     96;    128;    160;    192;    224;    256;    288;    320;    352;    384;    416;    448;    480;    512
#0_0_CPU;     47;    133;    176;    198;    254;    373;    378;    537;    552;    574;    680;    689;    858;    969;    900;    982
#0_1_CPU;  18622;  39335;  58995;  78458;  96633; 117768; 137549; 156582; 177553; 195166; 217143; 233635; 254587; 271636; 293528; 320352
#0_total;  18669;  39468;  59171;  78656;  96887; 118141; 137927; 157119; 178105; 195740; 217823; 234324; 255445; 272605; 294428; 321334
#1_0_CPU;   7835;   7877;   7884;   8155;   7801;   7907;   7820;   7911;   7900;   7830;   7790;   8051;   7826;   7929;   7812;   7889
#1_1_GPU;  35396;  43750;  49774;  60973;  71304;  80840;  90658; 101709; 112723; 123975; 132676; 145811; 157893; 170080; 180760; 193852
#1_total;  43231;  51627;  57658;  69128;  79105;  88747;  98478; 109620; 120623; 131805; 140466; 153862; 165719; 178009; 188572; 201741

N=13824,K=5120,nth=8

#M      ;     32;     64;     96;    128;    160;    192;    224;    256;    288;    320;    352;    384;    416;    448;    480;    512
#0_0_CPU;     47;    133;    176;    198;    254;    373;    378;    537;    552;    574;    680;    689;    858;    969;    900;    982
#0_1_CPU;  13966;  29501;  44246;  58844;  72475;  88326; 103161; 117436; 133165; 146374; 162857; 175226; 190940; 203727; 220146; 240264
#0_total;  14013;  29634;  44422;  59042;  72729;  88699; 103539; 117973; 133717; 146948; 163537; 175915; 191798; 204696; 221046; 241246
#1_0_CPU;   5876;   5907;   5913;   6116;   5851;   5930;   5865;   5933;   5925;   5873;   5842;   6038;   5870;   5947;   5859;   5917
#1_1_GPU;  35396;  43750;  49774;  60973;  71304;  80840;  90658; 101709; 112723; 123975; 132676; 145811; 157893; 170080; 180760; 193852
#1_total;  41272;  49657;  55687;  67089;  77155;  86770;  96523; 107642; 118648; 129848; 138518; 151849; 163763; 176027; 186619; 199769

N=32000,K=5120,nth=1

#M      ;     32;     64;     96;    128;    160;    192;    224;    256;    288;    320;    352;    384;    416;    448;    480;    512
#0_0_CPU;     63;    139;    144;    193;    289;    364;    438;    443;    605;    606;    685;    698;    735;    932;   1085;   1139
#0_1_CPU; 256474; 542302; 812812;1078207;1349022;1636024;1918824;2167351;2452713;2726640;2973981;3254602;3531877;3808711;4114507;4437457
#0_total; 256537; 542441; 812956;1078400;1349311;1636388;1919262;2167794;2453318;2727246;2974666;3255300;3532612;3809643;4115592;4438596
#1_0_CPU; 108732; 108688; 110152; 109656; 109297; 108978; 108004; 108538; 107860; 108558; 108845; 109199; 108279; 108041; 108939; 109078
#1_1_GPU;  91692; 105398; 121304; 139860; 165319; 181570; 203433; 235744; 247551; 274038; 296415; 323179; 349604; 384292; 398877; 426941
#1_total; 200424; 214086; 231456; 249516; 274616; 290548; 311437; 344282; 355411; 382596; 405260; 432378; 457883; 492333; 507816; 536019

N=32000,K=5120,nth=2

#M      ;     32;     64;     96;    128;    160;    192;    224;    256;    288;    320;    352;    384;    416;    448;    480;    512
#0_0_CPU;     63;    139;    144;    193;    289;    364;    438;    443;    605;    606;    685;    698;    735;    932;   1085;   1139
#0_1_CPU; 128237; 271151; 406406; 539103; 674511; 818012; 959412;1083675;1226356;1363320;1486990;1627301;1765938;1904355;2057253;2218728
#0_total; 128300; 271290; 406550; 539296; 674800; 818376; 959850;1084118;1226961;1363926;1487675;1627999;1766673;1905287;2058338;2219867
#1_0_CPU;  54366;  54344;  55076;  54828;  54648;  54489;  54002;  54269;  53930;  54279;  54422;  54599;  54139;  54020;  54469;  54539
#1_1_GPU;  91692; 105398; 121304; 139860; 165319; 181570; 203433; 235744; 247551; 274038; 296415; 323179; 349604; 384292; 398877; 426941
#1_total; 146058; 159742; 176380; 194688; 219967; 236059; 257435; 290013; 301481; 328317; 350837; 377778; 403743; 438312; 453346; 481480

N=32000,K=5120,nth=4

#M      ;     32;     64;     96;    128;    160;    192;    224;    256;    288;    320;    352;    384;    416;    448;    480;    512
#0_0_CPU;     63;    139;    144;    193;    289;    364;    438;    443;    605;    606;    685;    698;    735;    932;   1085;   1139
#0_1_CPU;  64118; 135575; 203203; 269551; 337255; 409006; 479706; 541837; 613178; 681660; 743495; 813650; 882969; 952177;1028626;1109364
#0_total;  64181; 135714; 203347; 269744; 337544; 409370; 480144; 542280; 613783; 682266; 744180; 814348; 883704; 953109;1029711;1110503
#1_0_CPU;  27183;  27172;  27538;  27414;  27324;  27244;  27001;  27134;  26965;  27139;  27211;  27299;  27069;  27010;  27234;  27269
#1_1_GPU;  91692; 105398; 121304; 139860; 165319; 181570; 203433; 235744; 247551; 274038; 296415; 323179; 349604; 384292; 398877; 426941
#1_total; 118875; 132570; 148842; 167274; 192643; 208814; 230434; 262878; 274516; 301177; 323626; 350478; 376673; 411302; 426111; 454210

N=32000,K=5120,nth=6

#M      ;     32;     64;     96;    128;    160;    192;    224;    256;    288;    320;    352;    384;    416;    448;    480;    512
#0_0_CPU;     63;    139;    144;    193;    289;    364;    438;    443;    605;    606;    685;    698;    735;    932;   1085;   1139
#0_1_CPU;  42745;  90383; 135468; 179701; 224837; 272670; 319804; 361225; 408785; 454440; 495663; 542433; 588646; 634785; 685751; 739576
#0_total;  42808;  90522; 135612; 179894; 225126; 273034; 320242; 361668; 409390; 455046; 496348; 543131; 589381; 635717; 686836; 740715
#1_0_CPU;  18122;  18114;  18358;  18276;  18216;  18163;  18000;  18089;  17976;  18093;  18140;  18199;  18046;  18006;  18156;  18179
#1_1_GPU;  91692; 105398; 121304; 139860; 165319; 181570; 203433; 235744; 247551; 274038; 296415; 323179; 349604; 384292; 398877; 426941
#1_total; 109814; 123512; 139662; 158136; 183535; 199733; 221433; 253833; 265527; 292131; 314555; 341378; 367650; 402298; 417033; 445120

N=32000,K=5120,nth=8

#M      ;     32;     64;     96;    128;    160;    192;    224;    256;    288;    320;    352;    384;    416;    448;    480;    512
#0_0_CPU;     63;    139;    144;    193;    289;    364;    438;    443;    605;    606;    685;    698;    735;    932;   1085;   1139
#0_1_CPU;  32059;  67787; 101601; 134775; 168627; 204503; 239853; 270918; 306589; 340830; 371747; 406825; 441484; 476088; 514313; 554682
#0_total;  32122;  67926; 101745; 134968; 168916; 204867; 240291; 271361; 307194; 341436; 372432; 407523; 442219; 477020; 515398; 555821
#1_0_CPU;  13591;  13586;  13769;  13707;  13662;  13622;  13500;  13567;  13482;  13569;  13605;  13649;  13534;  13505;  13617;  13634
#1_1_GPU;  91692; 105398; 121304; 139860; 165319; 181570; 203433; 235744; 247551; 274038; 296415; 323179; 349604; 384292; 398877; 426941
#1_total; 105283; 118984; 135073; 153567; 178981; 195192; 216933; 249311; 261033; 287607; 310020; 336828; 363138; 397797; 412494; 440575
