N=5120,K=5120,nth=1

#M      ;      8;     16;     24;     32;     40;     48;     56;     64;     72;     80;     88;     96;    104;    112;    120;    128
#0_0_CPU;     11;     22;     39;     47;     52;     71;     88;     83;     96;    108;    123;    136;    158;    175;    196;    178
#0_1_CPU;  11085;  19678;  28731;  38925;  49143;  59874;  71058;  81921;  91495; 103121; 113858; 123562; 134100; 145227; 152903; 163185
#0_total;  11096;  19700;  28770;  38972;  49195;  59945;  71146;  82004;  91591; 103229; 113981; 123698; 134258; 145402; 153099; 163363
#1_0_CPU;  16938;  16871;  16956;  16935;  16613;  16735;  16891;  16615;  16783;  16817;  16728;  16761;  16546;  16879;  16950;  16727
#1_1_GPU;   9612;   9160;  10702;  11069;  10552;  12013;  12112;  12304;  12632;  13927;  14211;  15608;  16737;  17202;  17694;  18812
#1_total;  26550;  26031;  27658;  28004;  27165;  28748;  29003;  28919;  29415;  30744;  30939;  32369;  33283;  34081;  34644;  35539

N=5120,K=5120,nth=2

#M      ;      8;     16;     24;     32;     40;     48;     56;     64;     72;     80;     88;     96;    104;    112;    120;    128
#0_0_CPU;     11;     22;     39;     47;     52;     71;     88;     83;     96;    108;    123;    136;    158;    175;    196;    178
#0_1_CPU;   5542;   9839;  14365;  19462;  24571;  29937;  35529;  40960;  45747;  51560;  56929;  61781;  67050;  72613;  76451;  81592
#0_total;   5553;   9861;  14404;  19509;  24623;  30008;  35617;  41043;  45843;  51668;  57052;  61917;  67208;  72788;  76647;  81770
#1_0_CPU;   8469;   8435;   8478;   8467;   8306;   8367;   8445;   8307;   8391;   8408;   8364;   8380;   8273;   8439;   8475;   8363
#1_1_GPU;   9612;   9160;  10702;  11069;  10552;  12013;  12112;  12304;  12632;  13927;  14211;  15608;  16737;  17202;  17694;  18812
#1_total;  18081;  17595;  19180;  19536;  18858;  20380;  20557;  20611;  21023;  22335;  22575;  23988;  25010;  25641;  26169;  27175

N=5120,K=5120,nth=4

#M      ;      8;     16;     24;     32;     40;     48;     56;     64;     72;     80;     88;     96;    104;    112;    120;    128
#0_0_CPU;     11;     22;     39;     47;     52;     71;     88;     83;     96;    108;    123;    136;    158;    175;    196;    178
#0_1_CPU;   2771;   4919;   7182;   9731;  12285;  14968;  17764;  20480;  22873;  25780;  28464;  30890;  33525;  36306;  38225;  40796
#0_total;   2782;   4941;   7221;   9778;  12337;  15039;  17852;  20563;  22969;  25888;  28587;  31026;  33683;  36481;  38421;  40974
#1_0_CPU;   4234;   4217;   4239;   4233;   4153;   4183;   4222;   4153;   4195;   4204;   4182;   4190;   4136;   4219;   4237;   4181
#1_1_GPU;   9612;   9160;  10702;  11069;  10552;  12013;  12112;  12304;  12632;  13927;  14211;  15608;  16737;  17202;  17694;  18812
#1_total;  13846;  13377;  14941;  15302;  14705;  16196;  16334;  16457;  16827;  18131;  18393;  19798;  20873;  21421;  21931;  22993

N=5120,K=5120,nth=6

#M      ;      8;     16;     24;     32;     40;     48;     56;     64;     72;     80;     88;     96;    104;    112;    120;    128
#0_0_CPU;     11;     22;     39;     47;     52;     71;     88;     83;     96;    108;    123;    136;    158;    175;    196;    178
#0_1_CPU;   1847;   3279;   4788;   6487;   8190;   9979;  11843;  13653;  15249;  17186;  18976;  20593;  22350;  24204;  25483;  27197
#0_total;   1858;   3301;   4827;   6534;   8242;  10050;  11931;  13736;  15345;  17294;  19099;  20729;  22508;  24379;  25679;  27375
#1_0_CPU;   2823;   2811;   2826;   2822;   2768;   2789;   2815;   2769;   2797;   2802;   2788;   2793;   2757;   2813;   2825;   2787
#1_1_GPU;   9612;   9160;  10702;  11069;  10552;  12013;  12112;  12304;  12632;  13927;  14211;  15608;  16737;  17202;  17694;  18812
#1_total;  12435;  11971;  13528;  13891;  13320;  14802;  14927;  15073;  15429;  16729;  16999;  18401;  19494;  20015;  20519;  21599

N=5120,K=5120,nth=8

#M      ;      8;     16;     24;     32;     40;     48;     56;     64;     72;     80;     88;     96;    104;    112;    120;    128
#0_0_CPU;     11;     22;     39;     47;     52;     71;     88;     83;     96;    108;    123;    136;    158;    175;    196;    178
#0_1_CPU;   1385;   2459;   3591;   4865;   6142;   7484;   8882;  10240;  11436;  12890;  14232;  15445;  16762;  18153;  19112;  20398
#0_total;   1396;   2481;   3630;   4912;   6194;   7555;   8970;  10323;  11532;  12998;  14355;  15581;  16920;  18328;  19308;  20576
#1_0_CPU;   2117;   2108;   2119;   2116;   2076;   2091;   2111;   2076;   2097;   2102;   2091;   2095;   2068;   2109;   2118;   2090
#1_1_GPU;   9612;   9160;  10702;  11069;  10552;  12013;  12112;  12304;  12632;  13927;  14211;  15608;  16737;  17202;  17694;  18812
#1_total;  11729;  11268;  12821;  13185;  12628;  14104;  14223;  14380;  14729;  16029;  16302;  17703;  18805;  19311;  19812;  20902

N=5120,K=13824,nth=1

#M      ;      8;     16;     24;     32;     40;     48;     56;     64;     72;     80;     88;     96;    104;    112;    120;    128
#0_0_CPU;     27;     83;    119;    116;    207;    308;    219;    346;    305;    335;    372;    456;    568;    499;    560;    645
#0_1_CPU;  26738;  52445;  81308; 108526; 135590; 164745; 193230; 218746; 247826; 272489; 299962; 326138; 354500; 381122; 407205; 435391
#0_total;  26765;  52528;  81427; 108642; 135797; 165053; 193449; 219092; 248131; 272824; 300334; 326594; 355068; 381621; 407765; 436036
#1_0_CPU;  46044;  46034;  46429;  46281;  46075;  45975;  46669;  46454;  45973;  46541;  46288;  46525;  46360;  45935;  45863;  46229
#1_1_GPU;  15276;  15915;  17095;  18544;  20909;  22172;  23986;  26095;  28248;  28941;  30631;  33078;  34310;  37445;  36996;  41488
#1_total;  61320;  61949;  63524;  64825;  66984;  68147;  70655;  72549;  74221;  75482;  76919;  79603;  80670;  83380;  82859;  87717

N=5120,K=13824,nth=2

#M      ;      8;     16;     24;     32;     40;     48;     56;     64;     72;     80;     88;     96;    104;    112;    120;    128
#0_0_CPU;     27;     83;    119;    116;    207;    308;    219;    346;    305;    335;    372;    456;    568;    499;    560;    645
#0_1_CPU;  13369;  26222;  40654;  54263;  67795;  82372;  96615; 109373; 123913; 136244; 149981; 163069; 177250; 190561; 203602; 217695
#0_total;  13396;  26305;  40773;  54379;  68002;  82680;  96834; 109719; 124218; 136579; 150353; 163525; 177818; 191060; 204162; 218340
#1_0_CPU;  23022;  23017;  23214;  23140;  23037;  22987;  23334;  23227;  22986;  23270;  23144;  23262;  23180;  22967;  22931;  23114
#1_1_GPU;  15276;  15915;  17095;  18544;  20909;  22172;  23986;  26095;  28248;  28941;  30631;  33078;  34310;  37445;  36996;  41488
#1_total;  38298;  38932;  40309;  41684;  43946;  45159;  47320;  49322;  51234;  52211;  53775;  56340;  57490;  60412;  59927;  64602

N=5120,K=13824,nth=4

#M      ;      8;     16;     24;     32;     40;     48;     56;     64;     72;     80;     88;     96;    104;    112;    120;    128
#0_0_CPU;     27;     83;    119;    116;    207;    308;    219;    346;    305;    335;    372;    456;    568;    499;    560;    645
#0_1_CPU;   6684;  13111;  20327;  27131;  33897;  41186;  48307;  54686;  61956;  68122;  74990;  81534;  88625;  95280; 101801; 108847
#0_total;   6711;  13194;  20446;  27247;  34104;  41494;  48526;  55032;  62261;  68457;  75362;  81990;  89193;  95779; 102361; 109492
#1_0_CPU;  11511;  11508;  11607;  11570;  11518;  11493;  11667;  11613;  11493;  11635;  11572;  11631;  11590;  11483;  11465;  11557
#1_1_GPU;  15276;  15915;  17095;  18544;  20909;  22172;  23986;  26095;  28248;  28941;  30631;  33078;  34310;  37445;  36996;  41488
#1_total;  26787;  27423;  28702;  30114;  32427;  33665;  35653;  37708;  39741;  40576;  42203;  44709;  45900;  48928;  48461;  53045

N=5120,K=13824,nth=6

#M      ;      8;     16;     24;     32;     40;     48;     56;     64;     72;     80;     88;     96;    104;    112;    120;    128
#0_0_CPU;     27;     83;    119;    116;    207;    308;    219;    346;    305;    335;    372;    456;    568;    499;    560;    645
#0_1_CPU;   4456;   8740;  13551;  18087;  22598;  27457;  32205;  36457;  41304;  45414;  49993;  54356;  59083;  63520;  67867;  72565
#0_total;   4483;   8823;  13670;  18203;  22805;  27765;  32424;  36803;  41609;  45749;  50365;  54812;  59651;  64019;  68427;  73210
#1_0_CPU;   7674;   7672;   7738;   7713;   7679;   7662;   7778;   7742;   7662;   7756;   7714;   7754;   7726;   7655;   7643;   7704
#1_1_GPU;  15276;  15915;  17095;  18544;  20909;  22172;  23986;  26095;  28248;  28941;  30631;  33078;  34310;  37445;  36996;  41488
#1_total;  22950;  23587;  24833;  26257;  28588;  29834;  31764;  33837;  35910;  36697;  38345;  40832;  42036;  45100;  44639;  49192

N=5120,K=13824,nth=8

#M      ;      8;     16;     24;     32;     40;     48;     56;     64;     72;     80;     88;     96;    104;    112;    120;    128
#0_0_CPU;     27;     83;    119;    116;    207;    308;    219;    346;    305;    335;    372;    456;    568;    499;    560;    645
#0_1_CPU;   3342;   6555;  10163;  13565;  16948;  20593;  24153;  27343;  30978;  34061;  37495;  40767;  44312;  47640;  50900;  54423
#0_total;   3369;   6638;  10282;  13681;  17155;  20901;  24372;  27689;  31283;  34396;  37867;  41223;  44880;  48139;  51460;  55068
#1_0_CPU;   5755;   5754;   5803;   5785;   5759;   5746;   5833;   5806;   5746;   5817;   5786;   5815;   5795;   5741;   5732;   5778
#1_1_GPU;  15276;  15915;  17095;  18544;  20909;  22172;  23986;  26095;  28248;  28941;  30631;  33078;  34310;  37445;  36996;  41488
#1_total;  21031;  21669;  22898;  24329;  26668;  27918;  29819;  31901;  33994;  34758;  36417;  38893;  40105;  43186;  42728;  47266

N=13824,K=5120,nth=1

#M      ;      8;     16;     24;     32;     40;     48;     56;     64;     72;     80;     88;     96;    104;    112;    120;    128
#0_0_CPU;     14;     23;     31;     48;     50;     94;     88;    119;    135;    111;    162;    135;    177;    207;    184;    295
#0_1_CPU;  27781;  52434;  78353; 103540; 132089; 161329; 191757; 223687; 250981; 278903; 307263; 332292; 363798; 390202; 416134; 443624
#0_total;  27795;  52457;  78384; 103588; 132139; 161423; 191845; 223806; 251116; 279014; 307425; 332427; 363975; 390409; 416318; 443919
#1_0_CPU;  45273;  45655;  45650;  45807;  45120;  45287;  45295;  45569;  45355;  45667;  45622;  44969;  44979;  45216;  45464;  45932
#1_1_GPU;  33015;  35253;  36042;  35941;  36616;  37597;  39696;  39872;  44548;  46152;  49222;  49842;  52373;  53426;  56669;  59955
#1_total;  78288;  80908;  81692;  81748;  81736;  82884;  84991;  85441;  89903;  91819;  94844;  94811;  97352;  98642; 102133; 105887

N=13824,K=5120,nth=2

#M      ;      8;     16;     24;     32;     40;     48;     56;     64;     72;     80;     88;     96;    104;    112;    120;    128
#0_0_CPU;     14;     23;     31;     48;     50;     94;     88;    119;    135;    111;    162;    135;    177;    207;    184;    295
#0_1_CPU;  13890;  26217;  39176;  51770;  66044;  80664;  95878; 111843; 125490; 139451; 153631; 166146; 181899; 195101; 208067; 221812
#0_total;  13904;  26240;  39207;  51818;  66094;  80758;  95966; 111962; 125625; 139562; 153793; 166281; 182076; 195308; 208251; 222107
#1_0_CPU;  22636;  22827;  22825;  22903;  22560;  22643;  22647;  22784;  22677;  22833;  22811;  22484;  22489;  22608;  22732;  22966
#1_1_GPU;  33015;  35253;  36042;  35941;  36616;  37597;  39696;  39872;  44548;  46152;  49222;  49842;  52373;  53426;  56669;  59955
#1_total;  55651;  58080;  58867;  58844;  59176;  60240;  62343;  62656;  67225;  68985;  72033;  72326;  74862;  76034;  79401;  82921

N=13824,K=5120,nth=4

#M      ;      8;     16;     24;     32;     40;     48;     56;     64;     72;     80;     88;     96;    104;    112;    120;    128
#0_0_CPU;     14;     23;     31;     48;     50;     94;     88;    119;    135;    111;    162;    135;    177;    207;    184;    295
#0_1_CPU;   6945;  13108;  19588;  25885;  33022;  40332;  47939;  55921;  62745;  69725;  76815;  83073;  90949;  97550; 104033; 110906
#0_total;   6959;  13131;  19619;  25933;  33072;  40426;  48027;  56040;  62880;  69836;  76977;  83208;  91126;  97757; 104217; 111201
#1_0_CPU;  11318;  11413;  11412;  11451;  11280;  11321;  11323;  11392;  11338;  11416;  11405;  11242;  11244;  11304;  11366;  11483
#1_1_GPU;  33015;  35253;  36042;  35941;  36616;  37597;  39696;  39872;  44548;  46152;  49222;  49842;  52373;  53426;  56669;  59955
#1_total;  44333;  46666;  47454;  47392;  47896;  48918;  51019;  51264;  55886;  57568;  60627;  61084;  63617;  64730;  68035;  71438

N=13824,K=5120,nth=6

#M      ;      8;     16;     24;     32;     40;     48;     56;     64;     72;     80;     88;     96;    104;    112;    120;    128
#0_0_CPU;     14;     23;     31;     48;     50;     94;     88;    119;    135;    111;    162;    135;    177;    207;    184;    295
#0_1_CPU;   4630;   8739;  13058;  17256;  22014;  26888;  31959;  37281;  41830;  46483;  51210;  55382;  60633;  65033;  69355;  73937
#0_total;   4644;   8762;  13089;  17304;  22064;  26982;  32047;  37400;  41965;  46594;  51372;  55517;  60810;  65240;  69539;  74232
#1_0_CPU;   7545;   7609;   7608;   7634;   7520;   7547;   7549;   7594;   7559;   7611;   7603;   7494;   7496;   7536;   7577;   7655
#1_1_GPU;  33015;  35253;  36042;  35941;  36616;  37597;  39696;  39872;  44548;  46152;  49222;  49842;  52373;  53426;  56669;  59955
#1_total;  40560;  42862;  43650;  43575;  44136;  45144;  47245;  47466;  52107;  53763;  56825;  57336;  59869;  60962;  64246;  67610

N=13824,K=5120,nth=8

#M      ;      8;     16;     24;     32;     40;     48;     56;     64;     72;     80;     88;     96;    104;    112;    120;    128
#0_0_CPU;     14;     23;     31;     48;     50;     94;     88;    119;    135;    111;    162;    135;    177;    207;    184;    295
#0_1_CPU;   3472;   6554;   9794;  12942;  16511;  20166;  23969;  27960;  31372;  34862;  38407;  41536;  45474;  48775;  52016;  55453
#0_total;   3486;   6577;   9825;  12990;  16561;  20260;  24057;  28079;  31507;  34973;  38569;  41671;  45651;  48982;  52200;  55748
#1_0_CPU;   5659;   5706;   5706;   5725;   5640;   5660;   5661;   5696;   5669;   5708;   5702;   5621;   5622;   5652;   5683;   5741
#1_1_GPU;  33015;  35253;  36042;  35941;  36616;  37597;  39696;  39872;  44548;  46152;  49222;  49842;  52373;  53426;  56669;  59955
#1_total;  38674;  40959;  41748;  41666;  42256;  43257;  45357;  45568;  50217;  51860;  54924;  55463;  57995;  59078;  62352;  65696

N=32000,K=5120,nth=1

#M      ;      8;     16;     24;     32;     40;     48;     56;     64;     72;     80;     88;     96;    104;    112;    120;    128
#0_0_CPU;     10;     21;     30;     46;     51;     62;     76;     86;     99;    115;    119;    136;    192;    165;    181;    181
#0_1_CPU;  62303; 120989; 179789; 239188; 305222; 376404; 443558; 511301; 576104; 640810; 707455; 773394; 836785; 901948; 960738;1027504
#0_total;  62313; 121010; 179819; 239234; 305273; 376466; 443634; 511387; 576203; 640925; 707574; 773530; 836977; 902113; 960919;1027685
#1_0_CPU; 105180; 104661; 104746; 104174; 105377; 105325; 105254; 105452; 105057; 104644; 105030; 105525; 105489; 105545; 104617; 104956
#1_1_GPU;  83646;  86249;  88188;  91110;  94684;  97558; 101253; 104523; 109361; 114489; 116916; 122398; 125272; 130026; 134316; 141818
#1_total; 188826; 190910; 192934; 195284; 200061; 202883; 206507; 209975; 214418; 219133; 221946; 227923; 230761; 235571; 238933; 246774

N=32000,K=5120,nth=2

#M      ;      8;     16;     24;     32;     40;     48;     56;     64;     72;     80;     88;     96;    104;    112;    120;    128
#0_0_CPU;     10;     21;     30;     46;     51;     62;     76;     86;     99;    115;    119;    136;    192;    165;    181;    181
#0_1_CPU;  31151;  60494;  89894; 119594; 152611; 188202; 221779; 255650; 288052; 320405; 353727; 386697; 418392; 450974; 480369; 513752
#0_total;  31161;  60515;  89924; 119640; 152662; 188264; 221855; 255736; 288151; 320520; 353846; 386833; 418584; 451139; 480550; 513933
#1_0_CPU;  52590;  52330;  52373;  52087;  52688;  52662;  52627;  52726;  52528;  52322;  52515;  52762;  52744;  52772;  52308;  52478
#1_1_GPU;  83646;  86249;  88188;  91110;  94684;  97558; 101253; 104523; 109361; 114489; 116916; 122398; 125272; 130026; 134316; 141818
#1_total; 136236; 138579; 140561; 143197; 147372; 150220; 153880; 157249; 161889; 166811; 169431; 175160; 178016; 182798; 186624; 194296

N=32000,K=5120,nth=4

#M      ;      8;     16;     24;     32;     40;     48;     56;     64;     72;     80;     88;     96;    104;    112;    120;    128
#0_0_CPU;     10;     21;     30;     46;     51;     62;     76;     86;     99;    115;    119;    136;    192;    165;    181;    181
#0_1_CPU;  15575;  30247;  44947;  59797;  76305;  94101; 110889; 127825; 144026; 160202; 176863; 193348; 209196; 225487; 240184; 256876
#0_total;  15585;  30268;  44977;  59843;  76356;  94163; 110965; 127911; 144125; 160317; 176982; 193484; 209388; 225652; 240365; 257057
#1_0_CPU;  26295;  26165;  26186;  26043;  26344;  26331;  26313;  26363;  26264;  26161;  26257;  26381;  26372;  26386;  26154;  26239
#1_1_GPU;  83646;  86249;  88188;  91110;  94684;  97558; 101253; 104523; 109361; 114489; 116916; 122398; 125272; 130026; 134316; 141818
#1_total; 109941; 112414; 114374; 117153; 121028; 123889; 127566; 130886; 135625; 140650; 143173; 148779; 151644; 156412; 160470; 168057

N=32000,K=5120,nth=6

#M      ;      8;     16;     24;     32;     40;     48;     56;     64;     72;     80;     88;     96;    104;    112;    120;    128
#0_0_CPU;     10;     21;     30;     46;     51;     62;     76;     86;     99;    115;    119;    136;    192;    165;    181;    181
#0_1_CPU;  10383;  20164;  29964;  39864;  50870;  62734;  73926;  85216;  96017; 106801; 117909; 128899; 139464; 150324; 160123; 171250
#0_total;  10393;  20185;  29994;  39910;  50921;  62796;  74002;  85302;  96116; 106916; 118028; 129035; 139656; 150489; 160304; 171431
#1_0_CPU;  17530;  17443;  17457;  17362;  17562;  17554;  17542;  17575;  17509;  17440;  17505;  17587;  17581;  17590;  17436;  17492
#1_1_GPU;  83646;  86249;  88188;  91110;  94684;  97558; 101253; 104523; 109361; 114489; 116916; 122398; 125272; 130026; 134316; 141818
#1_total; 101176; 103692; 105645; 108472; 112246; 115112; 118795; 122098; 126870; 131929; 134421; 139985; 142853; 147616; 151752; 159310

N=32000,K=5120,nth=8

#M      ;      8;     16;     24;     32;     40;     48;     56;     64;     72;     80;     88;     96;    104;    112;    120;    128
#0_0_CPU;     10;     21;     30;     46;     51;     62;     76;     86;     99;    115;    119;    136;    192;    165;    181;    181
#0_1_CPU;   7787;  15123;  22473;  29898;  38152;  47050;  55444;  63912;  72013;  80101;  88431;  96674; 104598; 112743; 120092; 128438
#0_total;   7797;  15144;  22503;  29944;  38203;  47112;  55520;  63998;  72112;  80216;  88550;  96810; 104790; 112908; 120273; 128619
#1_0_CPU;  13147;  13082;  13093;  13021;  13172;  13165;  13156;  13181;  13132;  13080;  13128;  13190;  13186;  13193;  13077;  13119
#1_1_GPU;  83646;  86249;  88188;  91110;  94684;  97558; 101253; 104523; 109361; 114489; 116916; 122398; 125272; 130026; 134316; 141818
#1_total;  96793;  99331; 101281; 104131; 107856; 110723; 114409; 117704; 122493; 127569; 130044; 135588; 138458; 143219; 147393; 154937