N=4096,K=4096,nth=1

#M      ;      8;     16;     24;     32;     40;     48;     56;     64;     72;     80;     88;     96;    104;    112;    120;    128
#0_0_CPU;     11;     22;     28;     35;     45;     61;     78;     78;    110;    158;    120;    114;    170;    174;    140;    154
#0_1_CPU;   7125;  14451;  19713;  26156;  34027;  39631;  47214;  54489;  61350;  68457;  75576;  82783;  90582;  97160; 103498; 109982
#0_total;   7136;  14473;  19741;  26191;  34072;  39692;  47292;  54567;  61460;  68615;  75696;  82897;  90752;  97334; 103638; 110136
#1_1_GPU;  49551;  48952;  58448;  52011;  60259;  75855;  93131;  94102; 105855; 106378;  98029; 103294; 110013; 111334; 111237; 110440
#1_total;  49551;  48952;  58448;  52011;  60259;  75855;  93131;  94102; 105855; 106378;  98029; 103294; 110013; 111334; 111237; 110440
#2_0_CPU;  12217;  13487;  13425;  13359;  13273;  13202;  13120;  13793;  13035;  13065;  13343;  12948;  13442;  12994;  13475;  13165
#2_1_GPU;  35606;  35829;  44522;  42136;  50212;  71917;  85169;  76159;  92366;  91227;  88983;  89510;  95057;  94490;  93044;  93796
#2_total;  47823;  49316;  57947;  55495;  63485;  85119;  98289;  89952; 105401; 104292; 102326; 102458; 108499; 107484; 106519; 106961

N=4096,K=4096,nth=2

#M      ;      8;     16;     24;     32;     40;     48;     56;     64;     72;     80;     88;     96;    104;    112;    120;    128
#0_0_CPU;     11;     22;     28;     35;     45;     61;     78;     78;    110;    158;    120;    114;    170;    174;    140;    154
#0_1_CPU;   3562;   7225;   9856;  13078;  17013;  19815;  23607;  27244;  30675;  34228;  37788;  41391;  45291;  48580;  51749;  54991
#0_total;   3573;   7247;   9884;  13113;  17058;  19876;  23685;  27322;  30785;  34386;  37908;  41505;  45461;  48754;  51889;  55145
#1_1_GPU;  49551;  48952;  58448;  52011;  60259;  75855;  93131;  94102; 105855; 106378;  98029; 103294; 110013; 111334; 111237; 110440
#1_total;  49551;  48952;  58448;  52011;  60259;  75855;  93131;  94102; 105855; 106378;  98029; 103294; 110013; 111334; 111237; 110440
#2_0_CPU;   6108;   6743;   6712;   6679;   6636;   6601;   6560;   6896;   6517;   6532;   6671;   6474;   6721;   6497;   6737;   6582
#2_1_GPU;  35606;  35829;  44522;  42136;  50212;  71917;  85169;  76159;  92366;  91227;  88983;  89510;  95057;  94490;  93044;  93796
#2_total;  41714;  42572;  51234;  48815;  56848;  78518;  91729;  83055;  98883;  97759;  95654;  95984; 101778; 100987;  99781; 100378

N=4096,K=4096,nth=4

#M      ;      8;     16;     24;     32;     40;     48;     56;     64;     72;     80;     88;     96;    104;    112;    120;    128
#0_0_CPU;     11;     22;     28;     35;     45;     61;     78;     78;    110;    158;    120;    114;    170;    174;    140;    154
#0_1_CPU;   1781;   3612;   4928;   6539;   8506;   9907;  11803;  13622;  15337;  17114;  18894;  20695;  22645;  24290;  25874;  27495
#0_total;   1792;   3634;   4956;   6574;   8551;   9968;  11881;  13700;  15447;  17272;  19014;  20809;  22815;  24464;  26014;  27649
#1_1_GPU;  49551;  48952;  58448;  52011;  60259;  75855;  93131;  94102; 105855; 106378;  98029; 103294; 110013; 111334; 111237; 110440
#1_total;  49551;  48952;  58448;  52011;  60259;  75855;  93131;  94102; 105855; 106378;  98029; 103294; 110013; 111334; 111237; 110440
#2_0_CPU;   3054;   3371;   3356;   3339;   3318;   3300;   3280;   3448;   3258;   3266;   3335;   3237;   3360;   3248;   3368;   3291
#2_1_GPU;  35606;  35829;  44522;  42136;  50212;  71917;  85169;  76159;  92366;  91227;  88983;  89510;  95057;  94490;  93044;  93796
#2_total;  38660;  39200;  47878;  45475;  53530;  75217;  88449;  79607;  95624;  94493;  92318;  92747;  98417;  97738;  96412;  97087

N=4096,K=4096,nth=6

#M      ;      8;     16;     24;     32;     40;     48;     56;     64;     72;     80;     88;     96;    104;    112;    120;    128
#0_0_CPU;     11;     22;     28;     35;     45;     61;     78;     78;    110;    158;    120;    114;    170;    174;    140;    154
#0_1_CPU;   1187;   2408;   3285;   4359;   5671;   6605;   7869;   9081;  10225;  11409;  12596;  13797;  15097;  16193;  17249;  18330
#0_total;   1198;   2430;   3313;   4394;   5716;   6666;   7947;   9159;  10335;  11567;  12716;  13911;  15267;  16367;  17389;  18484
#1_1_GPU;  49551;  48952;  58448;  52011;  60259;  75855;  93131;  94102; 105855; 106378;  98029; 103294; 110013; 111334; 111237; 110440
#1_total;  49551;  48952;  58448;  52011;  60259;  75855;  93131;  94102; 105855; 106378;  98029; 103294; 110013; 111334; 111237; 110440
#2_0_CPU;   2036;   2247;   2237;   2226;   2212;   2200;   2186;   2298;   2172;   2177;   2223;   2158;   2240;   2165;   2245;   2194
#2_1_GPU;  35606;  35829;  44522;  42136;  50212;  71917;  85169;  76159;  92366;  91227;  88983;  89510;  95057;  94490;  93044;  93796
#2_total;  37642;  38076;  46759;  44362;  52424;  74117;  87355;  78457;  94538;  93404;  91206;  91668;  97297;  96655;  95289;  95990

N=4096,K=4096,nth=8

#M      ;      8;     16;     24;     32;     40;     48;     56;     64;     72;     80;     88;     96;    104;    112;    120;    128
#0_0_CPU;     11;     22;     28;     35;     45;     61;     78;     78;    110;    158;    120;    114;    170;    174;    140;    154
#0_1_CPU;    890;   1806;   2464;   3269;   4253;   4953;   5901;   6811;   7668;   8557;   9447;  10347;  11322;  12145;  12937;  13747
#0_total;    901;   1828;   2492;   3304;   4298;   5014;   5979;   6889;   7778;   8715;   9567;  10461;  11492;  12319;  13077;  13901
#1_1_GPU;  49551;  48952;  58448;  52011;  60259;  75855;  93131;  94102; 105855; 106378;  98029; 103294; 110013; 111334; 111237; 110440
#1_total;  49551;  48952;  58448;  52011;  60259;  75855;  93131;  94102; 105855; 106378;  98029; 103294; 110013; 111334; 111237; 110440
#2_0_CPU;   1527;   1685;   1678;   1669;   1659;   1650;   1640;   1724;   1629;   1633;   1667;   1618;   1680;   1624;   1684;   1645
#2_1_GPU;  35606;  35829;  44522;  42136;  50212;  71917;  85169;  76159;  92366;  91227;  88983;  89510;  95057;  94490;  93044;  93796
#2_total;  37133;  37514;  46200;  43805;  51871;  73567;  86809;  77883;  93995;  92860;  90650;  91128;  96737;  96114;  94728;  95441

N=4096,K=11008,nth=1

#M      ;      8;     16;     24;     32;     40;     48;     56;     64;     72;     80;     88;     96;    104;    112;    120;    128
#0_0_CPU;     24;     47;    109;    114;    129;    177;    251;    233;    241;    276;    358;    444;    429;    471;    474;    486
#0_1_CPU;  17685;  35116;  55431;  72800;  91440; 111924; 130906; 146689; 166156; 186840; 202747; 220171; 240949; 260084; 276275; 288415
#0_total;  17709;  35163;  55540;  72914;  91569; 112101; 131157; 146922; 166397; 187116; 203105; 220615; 241378; 260555; 276749; 288901
#1_1_GPU;  82727; 145116; 154081; 155902; 174895; 175545; 186546; 175402; 201290; 209720; 218787; 215094; 227247; 224833; 225409; 226323
#1_total;  82727; 145116; 154081; 155902; 174895; 175545; 186546; 175402; 201290; 209720; 218787; 215094; 227247; 224833; 225409; 226323
#2_0_CPU;  30136;  31594;  31984;  31324;  31178;  30959;  31651;  31841;  31966;  31555;  30883;  32013;  31443;  31850;  31065;  30879
#2_1_GPU;  62492; 130961; 153816; 139932; 159076; 161371; 162034; 166572; 181263; 193001; 190578; 186951; 204291; 203720; 205390; 202059
#2_total;  92628; 162555; 185800; 171256; 190254; 192330; 193685; 198413; 213229; 224556; 221461; 218964; 235734; 235570; 236455; 232938

N=4096,K=11008,nth=2

#M      ;      8;     16;     24;     32;     40;     48;     56;     64;     72;     80;     88;     96;    104;    112;    120;    128
#0_0_CPU;     24;     47;    109;    114;    129;    177;    251;    233;    241;    276;    358;    444;    429;    471;    474;    486
#0_1_CPU;   8842;  17558;  27715;  36400;  45720;  55962;  65453;  73344;  83078;  93420; 101373; 110085; 120474; 130042; 138137; 144207
#0_total;   8866;  17605;  27824;  36514;  45849;  56139;  65704;  73577;  83319;  93696; 101731; 110529; 120903; 130513; 138611; 144693
#1_1_GPU;  82727; 145116; 154081; 155902; 174895; 175545; 186546; 175402; 201290; 209720; 218787; 215094; 227247; 224833; 225409; 226323
#1_total;  82727; 145116; 154081; 155902; 174895; 175545; 186546; 175402; 201290; 209720; 218787; 215094; 227247; 224833; 225409; 226323
#2_0_CPU;  15068;  15797;  15992;  15662;  15589;  15479;  15825;  15920;  15983;  15777;  15441;  16006;  15721;  15925;  15532;  15439
#2_1_GPU;  62492; 130961; 153816; 139932; 159076; 161371; 162034; 166572; 181263; 193001; 190578; 186951; 204291; 203720; 205390; 202059
#2_total;  77560; 146758; 169808; 155594; 174665; 176850; 177859; 182492; 197246; 208778; 206019; 202957; 220012; 219645; 220922; 217498

N=4096,K=11008,nth=4

#M      ;      8;     16;     24;     32;     40;     48;     56;     64;     72;     80;     88;     96;    104;    112;    120;    128
#0_0_CPU;     24;     47;    109;    114;    129;    177;    251;    233;    241;    276;    358;    444;    429;    471;    474;    486
#0_1_CPU;   4421;   8779;  13857;  18200;  22860;  27981;  32726;  36672;  41539;  46710;  50686;  55042;  60237;  65021;  69068;  72103
#0_total;   4445;   8826;  13966;  18314;  22989;  28158;  32977;  36905;  41780;  46986;  51044;  55486;  60666;  65492;  69542;  72589
#1_1_GPU;  82727; 145116; 154081; 155902; 174895; 175545; 186546; 175402; 201290; 209720; 218787; 215094; 227247; 224833; 225409; 226323
#1_total;  82727; 145116; 154081; 155902; 174895; 175545; 186546; 175402; 201290; 209720; 218787; 215094; 227247; 224833; 225409; 226323
#2_0_CPU;   7534;   7898;   7996;   7831;   7794;   7739;   7912;   7960;   7991;   7888;   7720;   8003;   7860;   7962;   7766;   7719
#2_1_GPU;  62492; 130961; 153816; 139932; 159076; 161371; 162034; 166572; 181263; 193001; 190578; 186951; 204291; 203720; 205390; 202059
#2_total;  70026; 138859; 161812; 147763; 166870; 169110; 169946; 174532; 189254; 200889; 198298; 194954; 212151; 211682; 213156; 209778

N=4096,K=11008,nth=6

#M      ;      8;     16;     24;     32;     40;     48;     56;     64;     72;     80;     88;     96;    104;    112;    120;    128
#0_0_CPU;     24;     47;    109;    114;    129;    177;    251;    233;    241;    276;    358;    444;    429;    471;    474;    486
#0_1_CPU;   2947;   5852;   9238;  12133;  15240;  18654;  21817;  24448;  27692;  31140;  33791;  36695;  40158;  43347;  46045;  48069
#0_total;   2971;   5899;   9347;  12247;  15369;  18831;  22068;  24681;  27933;  31416;  34149;  37139;  40587;  43818;  46519;  48555
#1_1_GPU;  82727; 145116; 154081; 155902; 174895; 175545; 186546; 175402; 201290; 209720; 218787; 215094; 227247; 224833; 225409; 226323
#1_total;  82727; 145116; 154081; 155902; 174895; 175545; 186546; 175402; 201290; 209720; 218787; 215094; 227247; 224833; 225409; 226323
#2_0_CPU;   5022;   5265;   5330;   5220;   5196;   5159;   5275;   5306;   5327;   5259;   5147;   5335;   5240;   5308;   5177;   5146
#2_1_GPU;  62492; 130961; 153816; 139932; 159076; 161371; 162034; 166572; 181263; 193001; 190578; 186951; 204291; 203720; 205390; 202059
#2_total;  67514; 136226; 159146; 145152; 164272; 166530; 167309; 171878; 186590; 198260; 195725; 192286; 209531; 209028; 210567; 207205

N=4096,K=11008,nth=8

#M      ;      8;     16;     24;     32;     40;     48;     56;     64;     72;     80;     88;     96;    104;    112;    120;    128
#0_0_CPU;     24;     47;    109;    114;    129;    177;    251;    233;    241;    276;    358;    444;    429;    471;    474;    486
#0_1_CPU;   2210;   4389;   6928;   9100;  11430;  13990;  16363;  18336;  20769;  23355;  25343;  27521;  30118;  32510;  34534;  36051
#0_total;   2234;   4436;   7037;   9214;  11559;  14167;  16614;  18569;  21010;  23631;  25701;  27965;  30547;  32981;  35008;  36537
#1_1_GPU;  82727; 145116; 154081; 155902; 174895; 175545; 186546; 175402; 201290; 209720; 218787; 215094; 227247; 224833; 225409; 226323
#1_total;  82727; 145116; 154081; 155902; 174895; 175545; 186546; 175402; 201290; 209720; 218787; 215094; 227247; 224833; 225409; 226323
#2_0_CPU;   3767;   3949;   3998;   3915;   3897;   3869;   3956;   3980;   3995;   3944;   3860;   4001;   3930;   3981;   3883;   3859
#2_1_GPU;  62492; 130961; 153816; 139932; 159076; 161371; 162034; 166572; 181263; 193001; 190578; 186951; 204291; 203720; 205390; 202059
#2_total;  66259; 134910; 157814; 143847; 162973; 165240; 165990; 170552; 185258; 196945; 194438; 190952; 208221; 207701; 209273; 205918

N=11008,K=4096,nth=1

#M      ;      8;     16;     24;     32;     40;     48;     56;     64;     72;     80;     88;     96;    104;    112;    120;    128
#0_0_CPU;     10;     19;     26;     37;     44;     62;    137;    108;    120;    137;    104;    115;    144;    151;    146;    205
#0_1_CPU;  18993;  35987;  52567;  70643;  87710; 109238; 127040; 148902; 164549; 188099; 206549; 222560; 242546; 260302; 279921; 301227
#0_total;  19003;  36006;  52593;  70680;  87754; 109300; 127177; 149010; 164669; 188236; 206653; 222675; 242690; 260453; 280067; 301432
#1_1_GPU;  59935; 130017; 155786; 152553; 174575; 180049; 176933; 175517; 199583; 208644; 201100; 208014; 224525; 224632; 265573; 224248
#1_total;  59935; 130017; 155786; 152553; 174575; 180049; 176933; 175517; 199583; 208644; 201100; 208014; 224525; 224632; 265573; 224248
#2_0_CPU;  30871;  32570;  32030;  32018;  31482;  31761;  34153;  31823;  31055;  31007;  31127;  31811;  31860;  31280;  31975;  31214
#2_1_GPU;  55447; 126332; 133578; 151688; 160369; 161626; 163005; 159761; 175649; 191329; 180189; 191882; 203105; 201170; 201163; 202830
#2_total;  86318; 158902; 165608; 183706; 191851; 193387; 197158; 191584; 206704; 222336; 211316; 223693; 234965; 232450; 233138; 234044

N=11008,K=4096,nth=2

#M      ;      8;     16;     24;     32;     40;     48;     56;     64;     72;     80;     88;     96;    104;    112;    120;    128
#0_0_CPU;     10;     19;     26;     37;     44;     62;    137;    108;    120;    137;    104;    115;    144;    151;    146;    205
#0_1_CPU;   9496;  17993;  26283;  35321;  43855;  54619;  63520;  74451;  82274;  94049; 103274; 111280; 121273; 130151; 139960; 150613
#0_total;   9506;  18012;  26309;  35358;  43899;  54681;  63657;  74559;  82394;  94186; 103378; 111395; 121417; 130302; 140106; 150818
#1_1_GPU;  59935; 130017; 155786; 152553; 174575; 180049; 176933; 175517; 199583; 208644; 201100; 208014; 224525; 224632; 265573; 224248
#1_total;  59935; 130017; 155786; 152553; 174575; 180049; 176933; 175517; 199583; 208644; 201100; 208014; 224525; 224632; 265573; 224248
#2_0_CPU;  15435;  16285;  16015;  16009;  15741;  15880;  17076;  15911;  15527;  15503;  15563;  15905;  15930;  15640;  15987;  15607
#2_1_GPU;  55447; 126332; 133578; 151688; 160369; 161626; 163005; 159761; 175649; 191329; 180189; 191882; 203105; 201170; 201163; 202830
#2_total;  70882; 142617; 149593; 167697; 176110; 177506; 180081; 175672; 191176; 206832; 195752; 207787; 219035; 216810; 217150; 218437

N=11008,K=4096,nth=4

#M      ;      8;     16;     24;     32;     40;     48;     56;     64;     72;     80;     88;     96;    104;    112;    120;    128
#0_0_CPU;     10;     19;     26;     37;     44;     62;    137;    108;    120;    137;    104;    115;    144;    151;    146;    205
#0_1_CPU;   4748;   8996;  13141;  17660;  21927;  27309;  31760;  37225;  41137;  47024;  51637;  55640;  60636;  65075;  69980;  75306
#0_total;   4758;   9015;  13167;  17697;  21971;  27371;  31897;  37333;  41257;  47161;  51741;  55755;  60780;  65226;  70126;  75511
#1_1_GPU;  59935; 130017; 155786; 152553; 174575; 180049; 176933; 175517; 199583; 208644; 201100; 208014; 224525; 224632; 265573; 224248
#1_total;  59935; 130017; 155786; 152553; 174575; 180049; 176933; 175517; 199583; 208644; 201100; 208014; 224525; 224632; 265573; 224248
#2_0_CPU;   7717;   8142;   8007;   8004;   7870;   7940;   8538;   7955;   7763;   7751;   7781;   7952;   7965;   7820;   7993;   7803
#2_1_GPU;  55447; 126332; 133578; 151688; 160369; 161626; 163005; 159761; 175649; 191329; 180189; 191882; 203105; 201170; 201163; 202830
#2_total;  63164; 134474; 141585; 159692; 168239; 169566; 171543; 167716; 183412; 199080; 187970; 199834; 211070; 208990; 209156; 210633

N=11008,K=4096,nth=6

#M      ;      8;     16;     24;     32;     40;     48;     56;     64;     72;     80;     88;     96;    104;    112;    120;    128
#0_0_CPU;     10;     19;     26;     37;     44;     62;    137;    108;    120;    137;    104;    115;    144;    151;    146;    205
#0_1_CPU;   3165;   5997;   8761;  11773;  14618;  18206;  21173;  24817;  27424;  31349;  34424;  37093;  40424;  43383;  46653;  50204
#0_total;   3175;   6016;   8787;  11810;  14662;  18268;  21310;  24925;  27544;  31486;  34528;  37208;  40568;  43534;  46799;  50409
#1_1_GPU;  59935; 130017; 155786; 152553; 174575; 180049; 176933; 175517; 199583; 208644; 201100; 208014; 224525; 224632; 265573; 224248
#1_total;  59935; 130017; 155786; 152553; 174575; 180049; 176933; 175517; 199583; 208644; 201100; 208014; 224525; 224632; 265573; 224248
#2_0_CPU;   5145;   5428;   5338;   5336;   5247;   5293;   5692;   5303;   5175;   5167;   5187;   5301;   5310;   5213;   5329;   5202
#2_1_GPU;  55447; 126332; 133578; 151688; 160369; 161626; 163005; 159761; 175649; 191329; 180189; 191882; 203105; 201170; 201163; 202830
#2_total;  60592; 131760; 138916; 157024; 165616; 166919; 168697; 165064; 180824; 196496; 185376; 197183; 208415; 206383; 206492; 208032

N=11008,K=4096,nth=8

#M      ;      8;     16;     24;     32;     40;     48;     56;     64;     72;     80;     88;     96;    104;    112;    120;    128
#0_0_CPU;     10;     19;     26;     37;     44;     62;    137;    108;    120;    137;    104;    115;    144;    151;    146;    205
#0_1_CPU;   2374;   4498;   6570;   8830;  10963;  13654;  15880;  18612;  20568;  23512;  25818;  27820;  30318;  32537;  34990;  37653
#0_total;   2384;   4517;   6596;   8867;  11007;  13716;  16017;  18720;  20688;  23649;  25922;  27935;  30462;  32688;  35136;  37858
#1_1_GPU;  59935; 130017; 155786; 152553; 174575; 180049; 176933; 175517; 199583; 208644; 201100; 208014; 224525; 224632; 265573; 224248
#1_total;  59935; 130017; 155786; 152553; 174575; 180049; 176933; 175517; 199583; 208644; 201100; 208014; 224525; 224632; 265573; 224248
#2_0_CPU;   3858;   4071;   4003;   4002;   3935;   3970;   4269;   3977;   3881;   3875;   3890;   3976;   3982;   3910;   3996;   3901
#2_1_GPU;  55447; 126332; 133578; 151688; 160369; 161626; 163005; 159761; 175649; 191329; 180189; 191882; 203105; 201170; 201163; 202830
#2_total;  59305; 130403; 137581; 155690; 164304; 165596; 167274; 163738; 179530; 195204; 184079; 195858; 207087; 205080; 205159; 206731

N=32000,K=4096,nth=1

#M      ;      8;     16;     24;     32;     40;     48;     56;     64;     72;     80;     88;     96;    104;    112;    120;    128
#0_0_CPU;     10;     20;     31;     35;     43;     53;     73;     94;     82;     94;    153;    158;    146;    148;    145;    191
#0_1_CPU;  52575; 104211; 158115; 205716; 259763; 318026; 367317; 422560; 480506; 533740; 597295; 650709; 699347; 761765; 819701; 871308
#0_total;  52585; 104231; 158146; 205751; 259806; 318079; 367390; 422654; 480588; 533834; 597448; 650867; 699493; 761913; 819846; 871499
#1_1_GPU; 237778; 411590; 406869; 412205; 489206; 488888; 491927; 492789; 571913; 568330; 571319; 574906; 660300; 660266; 660202; 660003
#1_total; 237778; 411590; 406869; 412205; 489206; 488888; 491927; 492789; 571913; 568330; 571319; 574906; 660300; 660266; 660202; 660003
#2_0_CPU;  89759;  89884;  89579;  89275;  89357;  89851;  89930;  89889;  89691;  89425;  89434;  90334;  89157;  89422;  89283;  89588
#2_1_GPU; 162242; 352403; 354316; 357675; 415740; 420958; 416861; 419288; 497218; 500204; 499513; 500020; 584813; 578464; 585203; 588073
#2_total; 252001; 442287; 443895; 446950; 505097; 510809; 506791; 509177; 586909; 589629; 588947; 590354; 673970; 667886; 674486; 677661

N=32000,K=4096,nth=2

#M      ;      8;     16;     24;     32;     40;     48;     56;     64;     72;     80;     88;     96;    104;    112;    120;    128
#0_0_CPU;     10;     20;     31;     35;     43;     53;     73;     94;     82;     94;    153;    158;    146;    148;    145;    191
#0_1_CPU;  26287;  52105;  79057; 102858; 129881; 159013; 183658; 211280; 240253; 266870; 298647; 325354; 349673; 380882; 409850; 435654
#0_total;  26297;  52125;  79088; 102893; 129924; 159066; 183731; 211374; 240335; 266964; 298800; 325512; 349819; 381030; 409995; 435845
#1_1_GPU; 237778; 411590; 406869; 412205; 489206; 488888; 491927; 492789; 571913; 568330; 571319; 574906; 660300; 660266; 660202; 660003
#1_total; 237778; 411590; 406869; 412205; 489206; 488888; 491927; 492789; 571913; 568330; 571319; 574906; 660300; 660266; 660202; 660003
#2_0_CPU;  44879;  44942;  44789;  44637;  44678;  44925;  44965;  44944;  44845;  44712;  44717;  45167;  44578;  44711;  44641;  44794
#2_1_GPU; 162242; 352403; 354316; 357675; 415740; 420958; 416861; 419288; 497218; 500204; 499513; 500020; 584813; 578464; 585203; 588073
#2_total; 207121; 397345; 399105; 402312; 460418; 465883; 461826; 464232; 542063; 544916; 544230; 545187; 629391; 623175; 629844; 632867

N=32000,K=4096,nth=4

#M      ;      8;     16;     24;     32;     40;     48;     56;     64;     72;     80;     88;     96;    104;    112;    120;    128
#0_0_CPU;     10;     20;     31;     35;     43;     53;     73;     94;     82;     94;    153;    158;    146;    148;    145;    191
#0_1_CPU;  13143;  26052;  39528;  51429;  64940;  79506;  91829; 105640; 120126; 133435; 149323; 162677; 174836; 190441; 204925; 217827
#0_total;  13153;  26072;  39559;  51464;  64983;  79559;  91902; 105734; 120208; 133529; 149476; 162835; 174982; 190589; 205070; 218018
#1_1_GPU; 237778; 411590; 406869; 412205; 489206; 488888; 491927; 492789; 571913; 568330; 571319; 574906; 660300; 660266; 660202; 660003
#1_total; 237778; 411590; 406869; 412205; 489206; 488888; 491927; 492789; 571913; 568330; 571319; 574906; 660300; 660266; 660202; 660003
#2_0_CPU;  22439;  22471;  22394;  22318;  22339;  22462;  22482;  22472;  22422;  22356;  22358;  22583;  22289;  22355;  22320;  22397
#2_1_GPU; 162242; 352403; 354316; 357675; 415740; 420958; 416861; 419288; 497218; 500204; 499513; 500020; 584813; 578464; 585203; 588073
#2_total; 184681; 374874; 376710; 379993; 438079; 443420; 439343; 441760; 519640; 522560; 521871; 522603; 607102; 600819; 607523; 610470

N=32000,K=4096,nth=6

#M      ;      8;     16;     24;     32;     40;     48;     56;     64;     72;     80;     88;     96;    104;    112;    120;    128
#0_0_CPU;     10;     20;     31;     35;     43;     53;     73;     94;     82;     94;    153;    158;    146;    148;    145;    191
#0_1_CPU;   8762;  17368;  26352;  34286;  43293;  53004;  61219;  70426;  80084;  88956;  99549; 108451; 116557; 126960; 136616; 145218
#0_total;   8772;  17388;  26383;  34321;  43336;  53057;  61292;  70520;  80166;  89050;  99702; 108609; 116703; 127108; 136761; 145409
#1_1_GPU; 237778; 411590; 406869; 412205; 489206; 488888; 491927; 492789; 571913; 568330; 571319; 574906; 660300; 660266; 660202; 660003
#1_total; 237778; 411590; 406869; 412205; 489206; 488888; 491927; 492789; 571913; 568330; 571319; 574906; 660300; 660266; 660202; 660003
#2_0_CPU;  14959;  14980;  14929;  14879;  14892;  14975;  14988;  14981;  14948;  14904;  14905;  15055;  14859;  14903;  14880;  14931
#2_1_GPU; 162242; 352403; 354316; 357675; 415740; 420958; 416861; 419288; 497218; 500204; 499513; 500020; 584813; 578464; 585203; 588073
#2_total; 177201; 367383; 369245; 372554; 430632; 435933; 431849; 434269; 512166; 515108; 514418; 515075; 599672; 593367; 600083; 603004

N=32000,K=4096,nth=8

#M      ;      8;     16;     24;     32;     40;     48;     56;     64;     72;     80;     88;     96;    104;    112;    120;    128
#0_0_CPU;     10;     20;     31;     35;     43;     53;     73;     94;     82;     94;    153;    158;    146;    148;    145;    191
#0_1_CPU;   6571;  13026;  19764;  25714;  32470;  39753;  45914;  52820;  60063;  66717;  74661;  81338;  87418;  95220; 102462; 108913
#0_total;   6581;  13046;  19795;  25749;  32513;  39806;  45987;  52914;  60145;  66811;  74814;  81496;  87564;  95368; 102607; 109104
#1_1_GPU; 237778; 411590; 406869; 412205; 489206; 488888; 491927; 492789; 571913; 568330; 571319; 574906; 660300; 660266; 660202; 660003
#1_total; 237778; 411590; 406869; 412205; 489206; 488888; 491927; 492789; 571913; 568330; 571319; 574906; 660300; 660266; 660202; 660003
#2_0_CPU;  11219;  11235;  11197;  11159;  11169;  11231;  11241;  11236;  11211;  11178;  11179;  11291;  11144;  11177;  11160;  11198
#2_1_GPU; 162242; 352403; 354316; 357675; 415740; 420958; 416861; 419288; 497218; 500204; 499513; 500020; 584813; 578464; 585203; 588073
#2_total; 173461; 363638; 365513; 368834; 426909; 432189; 428102; 430524; 508429; 511382; 510692; 511311; 595957; 589641; 596363; 599271