N=4096,K=4096,nth=1

#M      ;      8;     16;     24;     32;     40;     48;     56;     64;     72;     80;     88;     96;    104;    112;    120;    128
#0_0_CPU;      8;     22;     31;     39;     45;     61;     64;     79;     91;    105;    113;    158;    169;    119;    166;    149
#0_1_CPU;   7477;  14387;  18584;  24954;  31402;  37845;  43454;  52859;  58363;  67337;  71496;  81808;  84411;  91260;  98641; 104247
#0_total;   7485;  14409;  18615;  24993;  31447;  37906;  43518;  52938;  58454;  67442;  71609;  81966;  84580;  91379;  98807; 104396
#1_0_CPU;  12438;  12468;  10948;  11438;  10737;  11018;  10978;  10990;  10850;  12497;  12361;  12941;  10866;  10536;  10424;  10516
#1_1_GPU;   6448;   7173;   6641;   7269;   7952;  11314;   8476;   9233;  10600;  11042;  11999;  10673;   9815;  10665;  11462;  11967
#1_total;  18886;  19641;  17589;  18707;  18689;  22332;  19454;  20223;  21450;  23539;  24360;  23614;  20681;  21201;  21886;  22483

N=4096,K=4096,nth=2

#M      ;      8;     16;     24;     32;     40;     48;     56;     64;     72;     80;     88;     96;    104;    112;    120;    128
#0_0_CPU;      8;     22;     31;     39;     45;     61;     64;     79;     91;    105;    113;    158;    169;    119;    166;    149
#0_1_CPU;   3738;   7193;   9292;  12477;  15701;  18922;  21727;  26429;  29181;  33668;  35748;  40904;  42205;  45630;  49320;  52123
#0_total;   3746;   7215;   9323;  12516;  15746;  18983;  21791;  26508;  29272;  33773;  35861;  41062;  42374;  45749;  49486;  52272
#1_0_CPU;   6219;   6234;   5474;   5719;   5368;   5509;   5489;   5495;   5425;   6248;   6180;   6470;   5433;   5268;   5212;   5258
#1_1_GPU;   6448;   7173;   6641;   7269;   7952;  11314;   8476;   9233;  10600;  11042;  11999;  10673;   9815;  10665;  11462;  11967
#1_total;  12667;  13407;  12115;  12988;  13320;  16823;  13965;  14728;  16025;  17290;  18179;  17143;  15248;  15933;  16674;  17225

N=4096,K=4096,nth=4

#M      ;      8;     16;     24;     32;     40;     48;     56;     64;     72;     80;     88;     96;    104;    112;    120;    128
#0_0_CPU;      8;     22;     31;     39;     45;     61;     64;     79;     91;    105;    113;    158;    169;    119;    166;    149
#0_1_CPU;   1869;   3596;   4646;   6238;   7850;   9461;  10863;  13214;  14590;  16834;  17874;  20452;  21102;  22815;  24660;  26061
#0_total;   1877;   3618;   4677;   6277;   7895;   9522;  10927;  13293;  14681;  16939;  17987;  20610;  21271;  22934;  24826;  26210
#1_0_CPU;   3109;   3117;   2737;   2859;   2684;   2754;   2744;   2747;   2712;   3124;   3090;   3235;   2716;   2634;   2606;   2629
#1_1_GPU;   6448;   7173;   6641;   7269;   7952;  11314;   8476;   9233;  10600;  11042;  11999;  10673;   9815;  10665;  11462;  11967
#1_total;   9557;  10290;   9378;  10128;  10636;  14068;  11220;  11980;  13312;  14166;  15089;  13908;  12531;  13299;  14068;  14596

N=4096,K=4096,nth=6

#M      ;      8;     16;     24;     32;     40;     48;     56;     64;     72;     80;     88;     96;    104;    112;    120;    128
#0_0_CPU;      8;     22;     31;     39;     45;     61;     64;     79;     91;    105;    113;    158;    169;    119;    166;    149
#0_1_CPU;   1246;   2397;   3097;   4159;   5233;   6307;   7242;   8809;   9727;  11222;  11916;  13634;  14068;  15210;  16440;  17374
#0_total;   1254;   2419;   3128;   4198;   5278;   6368;   7306;   8888;   9818;  11327;  12029;  13792;  14237;  15329;  16606;  17523
#1_0_CPU;   2073;   2078;   1824;   1906;   1789;   1836;   1829;   1831;   1808;   2082;   2060;   2156;   1811;   1756;   1737;   1752
#1_1_GPU;   6448;   7173;   6641;   7269;   7952;  11314;   8476;   9233;  10600;  11042;  11999;  10673;   9815;  10665;  11462;  11967
#1_total;   8521;   9251;   8465;   9175;   9741;  13150;  10305;  11064;  12408;  13124;  14059;  12829;  11626;  12421;  13199;  13719

N=4096,K=4096,nth=8

#M      ;      8;     16;     24;     32;     40;     48;     56;     64;     72;     80;     88;     96;    104;    112;    120;    128
#0_0_CPU;      8;     22;     31;     39;     45;     61;     64;     79;     91;    105;    113;    158;    169;    119;    166;    149
#0_1_CPU;    934;   1798;   2323;   3119;   3925;   4730;   5431;   6607;   7295;   8417;   8937;  10226;  10551;  11407;  12330;  13030
#0_total;    942;   1820;   2354;   3158;   3970;   4791;   5495;   6686;   7386;   8522;   9050;  10384;  10720;  11526;  12496;  13179
#1_0_CPU;   1554;   1558;   1368;   1429;   1342;   1377;   1372;   1373;   1356;   1562;   1545;   1617;   1358;   1317;   1303;   1314
#1_1_GPU;   6448;   7173;   6641;   7269;   7952;  11314;   8476;   9233;  10600;  11042;  11999;  10673;   9815;  10665;  11462;  11967
#1_total;   8002;   8731;   8009;   8698;   9294;  12691;   9848;  10606;  11956;  12604;  13544;  12290;  11173;  11982;  12765;  13281

N=4096,K=11008,nth=1

#M      ;      8;     16;     24;     32;     40;     48;     56;     64;     72;     80;     88;     96;    104;    112;    120;    128
#0_0_CPU;     24;     48;     73;    104;    119;    141;    186;    200;    228;    293;    289;    316;    356;    426;    433;    577
#0_1_CPU;  16279;  32857;  51046;  69558;  87745; 105254; 121454; 139871; 157357; 175374; 190415; 208574; 224851; 243653; 258091; 279471
#0_total;  16303;  32905;  51119;  69662;  87864; 105395; 121640; 140071; 157585; 175667; 190704; 208890; 225207; 244079; 258524; 280048
#1_0_CPU;  29243;  29370;  29593;  29567;  28974;  28970;  29244;  29284;  29003;  29396;  28945;  29499;  29207;  29254;  29940;  29961
#1_1_GPU;   8578;   9313;   9684;  12426;  12388;  13485;  15127;  15806;  16912;  18307;  17786;  21320;  23051;  23725;  25436;  26298
#1_total;  37821;  38683;  39277;  41993;  41362;  42455;  44371;  45090;  45915;  47703;  46731;  50819;  52258;  52979;  55376;  56259

N=4096,K=11008,nth=2

#M      ;      8;     16;     24;     32;     40;     48;     56;     64;     72;     80;     88;     96;    104;    112;    120;    128
#0_0_CPU;     24;     48;     73;    104;    119;    141;    186;    200;    228;    293;    289;    316;    356;    426;    433;    577
#0_1_CPU;   8139;  16428;  25523;  34779;  43872;  52627;  60727;  69935;  78678;  87687;  95207; 104287; 112425; 121826; 129045; 139735
#0_total;   8163;  16476;  25596;  34883;  43991;  52768;  60913;  70135;  78906;  87980;  95496; 104603; 112781; 122252; 129478; 140312
#1_0_CPU;  14621;  14685;  14796;  14783;  14487;  14485;  14622;  14642;  14501;  14698;  14472;  14749;  14603;  14627;  14970;  14980
#1_1_GPU;   8578;   9313;   9684;  12426;  12388;  13485;  15127;  15806;  16912;  18307;  17786;  21320;  23051;  23725;  25436;  26298
#1_total;  23199;  23998;  24480;  27209;  26875;  27970;  29749;  30448;  31413;  33005;  32258;  36069;  37654;  38352;  40406;  41278

N=4096,K=11008,nth=4

#M      ;      8;     16;     24;     32;     40;     48;     56;     64;     72;     80;     88;     96;    104;    112;    120;    128
#0_0_CPU;     24;     48;     73;    104;    119;    141;    186;    200;    228;    293;    289;    316;    356;    426;    433;    577
#0_1_CPU;   4069;   8214;  12761;  17389;  21936;  26313;  30363;  34967;  39339;  43843;  47603;  52143;  56212;  60913;  64522;  69867
#0_total;   4093;   8262;  12834;  17493;  22055;  26454;  30549;  35167;  39567;  44136;  47892;  52459;  56568;  61339;  64955;  70444
#1_0_CPU;   7310;   7342;   7398;   7391;   7243;   7242;   7311;   7321;   7250;   7349;   7236;   7374;   7301;   7313;   7485;   7490
#1_1_GPU;   8578;   9313;   9684;  12426;  12388;  13485;  15127;  15806;  16912;  18307;  17786;  21320;  23051;  23725;  25436;  26298
#1_total;  15888;  16655;  17082;  19817;  19631;  20727;  22438;  23127;  24162;  25656;  25022;  28694;  30352;  31038;  32921;  33788

N=4096,K=11008,nth=6

#M      ;      8;     16;     24;     32;     40;     48;     56;     64;     72;     80;     88;     96;    104;    112;    120;    128
#0_0_CPU;     24;     48;     73;    104;    119;    141;    186;    200;    228;    293;    289;    316;    356;    426;    433;    577
#0_1_CPU;   2713;   5476;   8507;  11593;  14624;  17542;  20242;  23311;  26226;  29229;  31735;  34762;  37475;  40608;  43015;  46578
#0_total;   2737;   5524;   8580;  11697;  14743;  17683;  20428;  23511;  26454;  29522;  32024;  35078;  37831;  41034;  43448;  47155
#1_0_CPU;   4873;   4895;   4932;   4927;   4829;   4828;   4874;   4880;   4833;   4899;   4824;   4916;   4867;   4875;   4990;   4993
#1_1_GPU;   8578;   9313;   9684;  12426;  12388;  13485;  15127;  15806;  16912;  18307;  17786;  21320;  23051;  23725;  25436;  26298
#1_total;  13451;  14208;  14616;  17353;  17217;  18313;  20001;  20686;  21745;  23206;  22610;  26236;  27918;  28600;  30426;  31291

N=4096,K=11008,nth=8

#M      ;      8;     16;     24;     32;     40;     48;     56;     64;     72;     80;     88;     96;    104;    112;    120;    128
#0_0_CPU;     24;     48;     73;    104;    119;    141;    186;    200;    228;    293;    289;    316;    356;    426;    433;    577
#0_1_CPU;   2034;   4107;   6380;   8694;  10968;  13156;  15181;  17483;  19669;  21921;  23801;  26071;  28106;  30456;  32261;  34933
#0_total;   2058;   4155;   6453;   8798;  11087;  13297;  15367;  17683;  19897;  22214;  24090;  26387;  28462;  30882;  32694;  35510
#1_0_CPU;   3655;   3671;   3699;   3695;   3621;   3621;   3655;   3660;   3625;   3674;   3618;   3687;   3650;   3656;   3742;   3745
#1_1_GPU;   8578;   9313;   9684;  12426;  12388;  13485;  15127;  15806;  16912;  18307;  17786;  21320;  23051;  23725;  25436;  26298
#1_total;  12233;  12984;  13383;  16121;  16009;  17106;  18782;  19466;  20537;  21981;  21404;  25007;  26701;  27381;  29178;  30043

N=11008,K=4096,nth=1

#M      ;      8;     16;     24;     32;     40;     48;     56;     64;     72;     80;     88;     96;    104;    112;    120;    128
#0_0_CPU;      9;     17;     25;     37;     41;     53;     64;     77;     76;     96;    110;    110;    118;    123;    133;    143
#0_1_CPU;  16783;  32989;  48836;  65938;  82691; 100561; 119138; 136368; 157547; 173940; 194407; 210339; 229175; 246867; 264627; 279786
#0_total;  16792;  33006;  48861;  65975;  82732; 100614; 119202; 136445; 157623; 174036; 194517; 210449; 229293; 246990; 264760; 279929
#1_0_CPU;  28571;  28463;  28881;  28556;  28586;  28804;  28948;  28775;  28936;  28651;  28575;  28485;  28094;  28874;  28532;  28533
#1_1_GPU;  20398;  21112;  21928;  22985;  22241;  24375;  25381;  27254;  26922;  29304;  30847;  31137;  33811;  33678;  35460;  37320
#1_total;  48969;  49575;  50809;  51541;  50827;  53179;  54329;  56029;  55858;  57955;  59422;  59622;  61905;  62552;  63992;  65853

N=11008,K=4096,nth=2

#M      ;      8;     16;     24;     32;     40;     48;     56;     64;     72;     80;     88;     96;    104;    112;    120;    128
#0_0_CPU;      9;     17;     25;     37;     41;     53;     64;     77;     76;     96;    110;    110;    118;    123;    133;    143
#0_1_CPU;   8391;  16494;  24418;  32969;  41345;  50280;  59569;  68184;  78773;  86970;  97203; 105169; 114587; 123433; 132313; 139893
#0_total;   8400;  16511;  24443;  33006;  41386;  50333;  59633;  68261;  78849;  87066;  97313; 105279; 114705; 123556; 132446; 140036
#1_0_CPU;  14285;  14231;  14440;  14278;  14293;  14402;  14474;  14387;  14468;  14325;  14287;  14242;  14047;  14437;  14266;  14266
#1_1_GPU;  20398;  21112;  21928;  22985;  22241;  24375;  25381;  27254;  26922;  29304;  30847;  31137;  33811;  33678;  35460;  37320
#1_total;  34683;  35343;  36368;  37263;  36534;  38777;  39855;  41641;  41390;  43629;  45134;  45379;  47858;  48115;  49726;  51586

N=11008,K=4096,nth=4

#M      ;      8;     16;     24;     32;     40;     48;     56;     64;     72;     80;     88;     96;    104;    112;    120;    128
#0_0_CPU;      9;     17;     25;     37;     41;     53;     64;     77;     76;     96;    110;    110;    118;    123;    133;    143
#0_1_CPU;   4195;   8247;  12209;  16484;  20672;  25140;  29784;  34092;  39386;  43485;  48601;  52584;  57293;  61716;  66156;  69946
#0_total;   4204;   8264;  12234;  16521;  20713;  25193;  29848;  34169;  39462;  43581;  48711;  52694;  57411;  61839;  66289;  70089
#1_0_CPU;   7142;   7115;   7220;   7139;   7146;   7201;   7237;   7193;   7234;   7162;   7143;   7121;   7023;   7218;   7133;   7133
#1_1_GPU;  20398;  21112;  21928;  22985;  22241;  24375;  25381;  27254;  26922;  29304;  30847;  31137;  33811;  33678;  35460;  37320
#1_total;  27540;  28227;  29148;  30124;  29387;  31576;  32618;  34447;  34156;  36466;  37990;  38258;  40834;  40896;  42593;  44453

N=11008,K=4096,nth=6

#M      ;      8;     16;     24;     32;     40;     48;     56;     64;     72;     80;     88;     96;    104;    112;    120;    128
#0_0_CPU;      9;     17;     25;     37;     41;     53;     64;     77;     76;     96;    110;    110;    118;    123;    133;    143
#0_1_CPU;   2797;   5498;   8139;  10989;  13781;  16760;  19856;  22728;  26257;  28990;  32401;  35056;  38195;  41144;  44104;  46631
#0_total;   2806;   5515;   8164;  11026;  13822;  16813;  19920;  22805;  26333;  29086;  32511;  35166;  38313;  41267;  44237;  46774
#1_0_CPU;   4761;   4743;   4813;   4759;   4764;   4800;   4824;   4795;   4822;   4775;   4762;   4747;   4682;   4812;   4755;   4755
#1_1_GPU;  20398;  21112;  21928;  22985;  22241;  24375;  25381;  27254;  26922;  29304;  30847;  31137;  33811;  33678;  35460;  37320
#1_total;  25159;  25855;  26741;  27744;  27005;  29175;  30205;  32049;  31744;  34079;  35609;  35884;  38493;  38490;  40215;  42075

N=11008,K=4096,nth=8

#M      ;      8;     16;     24;     32;     40;     48;     56;     64;     72;     80;     88;     96;    104;    112;    120;    128
#0_0_CPU;      9;     17;     25;     37;     41;     53;     64;     77;     76;     96;    110;    110;    118;    123;    133;    143
#0_1_CPU;   2097;   4123;   6104;   8242;  10336;  12570;  14892;  17046;  19693;  21742;  24300;  26292;  28646;  30858;  33078;  34973
#0_total;   2106;   4140;   6129;   8279;  10377;  12623;  14956;  17123;  19769;  21838;  24410;  26402;  28764;  30981;  33211;  35116
#1_0_CPU;   3571;   3557;   3610;   3569;   3573;   3600;   3618;   3596;   3617;   3581;   3571;   3560;   3511;   3609;   3566;   3566
#1_1_GPU;  20398;  21112;  21928;  22985;  22241;  24375;  25381;  27254;  26922;  29304;  30847;  31137;  33811;  33678;  35460;  37320
#1_total;  23969;  24669;  25538;  26554;  25814;  27975;  28999;  30850;  30539;  32885;  34418;  34697;  37322;  37287;  39026;  40886

N=32000,K=4096,nth=1

#M      ;      8;     16;     24;     32;     40;     48;     56;     64;     72;     80;     88;     96;    104;    112;    120;    128
#0_0_CPU;      8;     18;     24;     34;     40;     51;     59;     65;    121;    130;    100;    105;    166;    140;    142;    144
#0_1_CPU;  49100;  97093; 141918; 189744; 240628; 292958; 340547; 403138; 455464; 510727; 565919; 617086; 667595; 717162; 773869; 819122
#0_total;  49108;  97111; 141942; 189778; 240668; 293009; 340606; 403203; 455585; 510857; 566019; 617191; 667761; 717302; 774011; 819266
#1_0_CPU;  83752;  83577;  83565;  82948;  82919;  83494;  83633;  83561;  82981;  83528;  83631;  83551;  83570;  83541;  83629;  83660
#1_1_GPU;  63537;  66874;  71988;  74049;  74977;  76967;  80022;  84244;  86804;  90443;  93534;  96358; 100499; 104592; 108683; 111652
#1_total; 147289; 150451; 155553; 156997; 157896; 160461; 163655; 167805; 169785; 173971; 177165; 179909; 184069; 188133; 192312; 195312

N=32000,K=4096,nth=2

#M      ;      8;     16;     24;     32;     40;     48;     56;     64;     72;     80;     88;     96;    104;    112;    120;    128
#0_0_CPU;      8;     18;     24;     34;     40;     51;     59;     65;    121;    130;    100;    105;    166;    140;    142;    144
#0_1_CPU;  24550;  48546;  70959;  94872; 120314; 146479; 170273; 201569; 227732; 255363; 282959; 308543; 333797; 358581; 386934; 409561
#0_total;  24558;  48564;  70983;  94906; 120354; 146530; 170332; 201634; 227853; 255493; 283059; 308648; 333963; 358721; 387076; 409705
#1_0_CPU;  41876;  41788;  41782;  41474;  41459;  41747;  41816;  41780;  41490;  41764;  41815;  41775;  41785;  41770;  41814;  41830
#1_1_GPU;  63537;  66874;  71988;  74049;  74977;  76967;  80022;  84244;  86804;  90443;  93534;  96358; 100499; 104592; 108683; 111652
#1_total; 105413; 108662; 113770; 115523; 116436; 118714; 121838; 126024; 128294; 132207; 135349; 138133; 142284; 146362; 150497; 153482

N=32000,K=4096,nth=4

#M      ;      8;     16;     24;     32;     40;     48;     56;     64;     72;     80;     88;     96;    104;    112;    120;    128
#0_0_CPU;      8;     18;     24;     34;     40;     51;     59;     65;    121;    130;    100;    105;    166;    140;    142;    144
#0_1_CPU;  12275;  24273;  35479;  47436;  60157;  73239;  85136; 100784; 113866; 127681; 141479; 154271; 166898; 179290; 193467; 204780
#0_total;  12283;  24291;  35503;  47470;  60197;  73290;  85195; 100849; 113987; 127811; 141579; 154376; 167064; 179430; 193609; 204924
#1_0_CPU;  20938;  20894;  20891;  20737;  20729;  20873;  20908;  20890;  20745;  20882;  20907;  20887;  20892;  20885;  20907;  20915
#1_1_GPU;  63537;  66874;  71988;  74049;  74977;  76967;  80022;  84244;  86804;  90443;  93534;  96358; 100499; 104592; 108683; 111652
#1_total;  84475;  87768;  92879;  94786;  95706;  97840; 100930; 105134; 107549; 111325; 114441; 117245; 121391; 125477; 129590; 132567

N=32000,K=4096,nth=6

#M      ;      8;     16;     24;     32;     40;     48;     56;     64;     72;     80;     88;     96;    104;    112;    120;    128
#0_0_CPU;      8;     18;     24;     34;     40;     51;     59;     65;    121;    130;    100;    105;    166;    140;    142;    144
#0_1_CPU;   8183;  16182;  23653;  31624;  40104;  48826;  56757;  67189;  75910;  85121;  94319; 102847; 111265; 119527; 128978; 136520
#0_total;   8191;  16200;  23677;  31658;  40144;  48877;  56816;  67254;  76031;  85251;  94419; 102952; 111431; 119667; 129120; 136664
#1_0_CPU;  13958;  13929;  13927;  13824;  13819;  13915;  13938;  13926;  13830;  13921;  13938;  13925;  13928;  13923;  13938;  13943
#1_1_GPU;  63537;  66874;  71988;  74049;  74977;  76967;  80022;  84244;  86804;  90443;  93534;  96358; 100499; 104592; 108683; 111652
#1_total;  77495;  80803;  85915;  87873;  88796;  90882;  93960;  98170; 100634; 104364; 107472; 110283; 114427; 118515; 122621; 125595

N=32000,K=4096,nth=8

#M      ;      8;     16;     24;     32;     40;     48;     56;     64;     72;     80;     88;     96;    104;    112;    120;    128
#0_0_CPU;      8;     18;     24;     34;     40;     51;     59;     65;    121;    130;    100;    105;    166;    140;    142;    144
#0_1_CPU;   6137;  12136;  17739;  23718;  30078;  36619;  42568;  50392;  56933;  63840;  70739;  77135;  83449;  89645;  96733; 102390
#0_total;   6145;  12154;  17763;  23752;  30118;  36670;  42627;  50457;  57054;  63970;  70839;  77240;  83615;  89785;  96875; 102534
#1_0_CPU;  10469;  10447;  10445;  10368;  10364;  10436;  10454;  10445;  10372;  10441;  10453;  10443;  10446;  10442;  10453;  10457
#1_1_GPU;  63537;  66874;  71988;  74049;  74977;  76967;  80022;  84244;  86804;  90443;  93534;  96358; 100499; 104592; 108683; 111652
#1_total;  74006;  77321;  82433;  84417;  85341;  87403;  90476;  94689;  97176; 100884; 103987; 106801; 110945; 115034; 119136; 122109
