N=4096,K=4096,nth=1

#M      ;     32;     64;     96;    128;    160;    192;    224;    256;    288;    320;    352;    384;    416;    448;    480;    512
#0_0_CPU;     45;    100;    130;    157;    200;    248;    293;    415;    438;    443;    542;    640;    590;    681;    795;    749
#0_1_CPU;  27671;  54379;  82736; 111632; 139010; 169988; 197350; 227037; 251750; 280451; 309020; 333703; 358335; 394009; 421267; 450759
#0_total;  27716;  54479;  82866; 111789; 139210; 170236; 197643; 227452; 252188; 280894; 309562; 334343; 358925; 394690; 422062; 451508
#1_0_CPU;  11210;  11051;  11210;  11031;  13978;  11258;  11001;  11267;  11051;  11224;  10897;  11057;  10971;  13637;  10763;  11333
#1_1_GPU;   7859;   8748;   9514;  13223;  15925;  18337;  20487;  24321;  26345;  30397;  33736;  37206;  40865;  44596;  52790;  58294
#1_total;  19069;  19799;  20724;  24254;  29903;  29595;  31488;  35588;  37396;  41621;  44633;  48263;  51836;  58233;  63553;  69627

N=4096,K=4096,nth=2

#M      ;     32;     64;     96;    128;    160;    192;    224;    256;    288;    320;    352;    384;    416;    448;    480;    512
#0_0_CPU;     45;    100;    130;    157;    200;    248;    293;    415;    438;    443;    542;    640;    590;    681;    795;    749
#0_1_CPU;  13835;  27189;  41368;  55816;  69505;  84994;  98675; 113518; 125875; 140225; 154510; 166851; 179167; 197004; 210633; 225379
#0_total;  13880;  27289;  41498;  55973;  69705;  85242;  98968; 113933; 126313; 140668; 155052; 167491; 179757; 197685; 211428; 226128
#1_0_CPU;   5605;   5525;   5605;   5515;   6989;   5629;   5500;   5633;   5525;   5612;   5448;   5528;   5485;   6818;   5381;   5666
#1_1_GPU;   7859;   8748;   9514;  13223;  15925;  18337;  20487;  24321;  26345;  30397;  33736;  37206;  40865;  44596;  52790;  58294
#1_total;  13464;  14273;  15119;  18738;  22914;  23966;  25987;  29954;  31870;  36009;  39184;  42734;  46350;  51414;  58171;  63960

N=4096,K=4096,nth=4

#M      ;     32;     64;     96;    128;    160;    192;    224;    256;    288;    320;    352;    384;    416;    448;    480;    512
#0_0_CPU;     45;    100;    130;    157;    200;    248;    293;    415;    438;    443;    542;    640;    590;    681;    795;    749
#0_1_CPU;   6917;  13594;  20684;  27908;  34752;  42497;  49337;  56759;  62937;  70112;  77255;  83425;  89583;  98502; 105316; 112689
#0_total;   6962;  13694;  20814;  28065;  34952;  42745;  49630;  57174;  63375;  70555;  77797;  84065;  90173;  99183; 106111; 113438
#1_0_CPU;   2802;   2762;   2802;   2757;   3494;   2814;   2750;   2816;   2762;   2806;   2724;   2764;   2742;   3409;   2690;   2833
#1_1_GPU;   7859;   8748;   9514;  13223;  15925;  18337;  20487;  24321;  26345;  30397;  33736;  37206;  40865;  44596;  52790;  58294
#1_total;  10661;  11510;  12316;  15980;  19419;  21151;  23237;  27137;  29107;  33203;  36460;  39970;  43607;  48005;  55480;  61127

N=4096,K=4096,nth=6

#M      ;     32;     64;     96;    128;    160;    192;    224;    256;    288;    320;    352;    384;    416;    448;    480;    512
#0_0_CPU;     45;    100;    130;    157;    200;    248;    293;    415;    438;    443;    542;    640;    590;    681;    795;    749
#0_1_CPU;   4611;   9063;  13789;  18605;  23168;  28331;  32891;  37839;  41958;  46741;  51503;  55617;  59722;  65668;  70211;  75126
#0_total;   4656;   9163;  13919;  18762;  23368;  28579;  33184;  38254;  42396;  47184;  52045;  56257;  60312;  66349;  71006;  75875
#1_0_CPU;   1868;   1841;   1868;   1838;   2329;   1876;   1833;   1877;   1841;   1870;   1816;   1842;   1828;   2272;   1793;   1888
#1_1_GPU;   7859;   8748;   9514;  13223;  15925;  18337;  20487;  24321;  26345;  30397;  33736;  37206;  40865;  44596;  52790;  58294
#1_total;   9727;  10589;  11382;  15061;  18254;  20213;  22320;  26198;  28186;  32267;  35552;  39048;  42693;  46868;  54583;  60182

N=4096,K=4096,nth=8

#M      ;     32;     64;     96;    128;    160;    192;    224;    256;    288;    320;    352;    384;    416;    448;    480;    512
#0_0_CPU;     45;    100;    130;    157;    200;    248;    293;    415;    438;    443;    542;    640;    590;    681;    795;    749
#0_1_CPU;   3458;   6797;  10342;  13954;  17376;  21248;  24668;  28379;  31468;  35056;  38627;  41712;  44791;  49251;  52658;  56344
#0_total;   3503;   6897;  10472;  14111;  17576;  21496;  24961;  28794;  31906;  35499;  39169;  42352;  45381;  49932;  53453;  57093
#1_0_CPU;   1401;   1381;   1401;   1378;   1747;   1407;   1375;   1408;   1381;   1403;   1362;   1382;   1371;   1704;   1345;   1416
#1_1_GPU;   7859;   8748;   9514;  13223;  15925;  18337;  20487;  24321;  26345;  30397;  33736;  37206;  40865;  44596;  52790;  58294
#1_total;   9260;  10129;  10915;  14601;  17672;  19744;  21862;  25729;  27726;  31800;  35098;  38588;  42236;  46300;  54135;  59710

N=4096,K=11008,nth=1

#M      ;     32;     64;     96;    128;    160;    192;    224;    256;    288;    320;    352;    384;    416;    448;    480;    512
#0_0_CPU;    117;    337;    390;    493;    645;    759;    971;   1038;   1270;   1282;   1472;   1759;   1699;   1840;   2198;   2040
#0_1_CPU;  73527; 146341; 216312; 290925; 362408; 436680; 513627; 587875; 661945; 732238; 821430; 911864;1013900;1091538;1220452;1332653
#0_total;  73644; 146678; 216702; 291418; 363053; 437439; 514598; 588913; 663215; 733520; 822902; 913623;1015599;1093378;1222650;1334693
#1_0_CPU;  30302;  29958;  30019;  30205;  29467;  29951;  29923;  31755;  29941;  29773;  29669;  30230;  30482;  29625;  30081;  29722
#1_1_GPU;  11846;  16931;  19794;  25472;  31730;  37634;  46518;  54801;  59821;  73205;  83465;  97086; 101280; 114904; 126334; 132766
#1_total;  42148;  46889;  49813;  55677;  61197;  67585;  76441;  86556;  89762; 102978; 113134; 127316; 131762; 144529; 156415; 162488

N=4096,K=11008,nth=2

#M      ;     32;     64;     96;    128;    160;    192;    224;    256;    288;    320;    352;    384;    416;    448;    480;    512
#0_0_CPU;    117;    337;    390;    493;    645;    759;    971;   1038;   1270;   1282;   1472;   1759;   1699;   1840;   2198;   2040
#0_1_CPU;  36763;  73170; 108156; 145462; 181204; 218340; 256813; 293937; 330972; 366119; 410715; 455932; 506950; 545769; 610226; 666326
#0_total;  36880;  73507; 108546; 145955; 181849; 219099; 257784; 294975; 332242; 367401; 412187; 457691; 508649; 547609; 612424; 668366
#1_0_CPU;  15151;  14979;  15009;  15102;  14733;  14975;  14961;  15877;  14970;  14886;  14834;  15115;  15241;  14812;  15040;  14861
#1_1_GPU;  11846;  16931;  19794;  25472;  31730;  37634;  46518;  54801;  59821;  73205;  83465;  97086; 101280; 114904; 126334; 132766
#1_total;  26997;  31910;  34803;  40574;  46463;  52609;  61479;  70678;  74791;  88091;  98299; 112201; 116521; 129716; 141374; 147627

N=4096,K=11008,nth=4

#M      ;     32;     64;     96;    128;    160;    192;    224;    256;    288;    320;    352;    384;    416;    448;    480;    512
#0_0_CPU;    117;    337;    390;    493;    645;    759;    971;   1038;   1270;   1282;   1472;   1759;   1699;   1840;   2198;   2040
#0_1_CPU;  18381;  36585;  54078;  72731;  90602; 109170; 128406; 146968; 165486; 183059; 205357; 227966; 253475; 272884; 305113; 333163
#0_total;  18498;  36922;  54468;  73224;  91247; 109929; 129377; 148006; 166756; 184341; 206829; 229725; 255174; 274724; 307311; 335203
#1_0_CPU;   7575;   7489;   7504;   7551;   7366;   7487;   7480;   7938;   7485;   7443;   7417;   7557;   7620;   7406;   7520;   7430
#1_1_GPU;  11846;  16931;  19794;  25472;  31730;  37634;  46518;  54801;  59821;  73205;  83465;  97086; 101280; 114904; 126334; 132766
#1_total;  19421;  24420;  27298;  33023;  39096;  45121;  53998;  62739;  67306;  80648;  90882; 104643; 108900; 122310; 133854; 140196

N=4096,K=11008,nth=6

#M      ;     32;     64;     96;    128;    160;    192;    224;    256;    288;    320;    352;    384;    416;    448;    480;    512
#0_0_CPU;    117;    337;    390;    493;    645;    759;    971;   1038;   1270;   1282;   1472;   1759;   1699;   1840;   2198;   2040
#0_1_CPU;  12254;  24390;  36052;  48487;  60401;  72780;  85604;  97979; 110324; 122039; 136905; 151977; 168983; 181923; 203408; 222108
#0_total;  12371;  24727;  36442;  48980;  61046;  73539;  86575;  99017; 111594; 123321; 138377; 153736; 170682; 183763; 205606; 224148
#1_0_CPU;   5050;   4993;   5003;   5034;   4911;   4991;   4987;   5292;   4990;   4962;   4944;   5038;   5080;   4937;   5013;   4953
#1_1_GPU;  11846;  16931;  19794;  25472;  31730;  37634;  46518;  54801;  59821;  73205;  83465;  97086; 101280; 114904; 126334; 132766
#1_total;  16896;  21924;  24797;  30506;  36641;  42625;  51505;  60093;  64811;  78167;  88409; 102124; 106360; 119841; 131347; 137719

N=4096,K=11008,nth=8

#M      ;     32;     64;     96;    128;    160;    192;    224;    256;    288;    320;    352;    384;    416;    448;    480;    512
#0_0_CPU;    117;    337;    390;    493;    645;    759;    971;   1038;   1270;   1282;   1472;   1759;   1699;   1840;   2198;   2040
#0_1_CPU;   9190;  18292;  27039;  36365;  45301;  54585;  64203;  73484;  82743;  91529; 102678; 113983; 126737; 136442; 152556; 166581
#0_total;   9307;  18629;  27429;  36858;  45946;  55344;  65174;  74522;  84013;  92811; 104150; 115742; 128436; 138282; 154754; 168621
#1_0_CPU;   3787;   3744;   3752;   3775;   3683;   3743;   3740;   3969;   3742;   3721;   3708;   3778;   3810;   3703;   3760;   3715
#1_1_GPU;  11846;  16931;  19794;  25472;  31730;  37634;  46518;  54801;  59821;  73205;  83465;  97086; 101280; 114904; 126334; 132766
#1_total;  15633;  20675;  23546;  29247;  35413;  41377;  50258;  58770;  63563;  76926;  87173; 100864; 105090; 118607; 130094; 136481

N=11008,K=4096,nth=1

#M      ;     32;     64;     96;    128;    160;    192;    224;    256;    288;    320;    352;    384;    416;    448;    480;    512
#0_0_CPU;     43;     72;    185;    153;    199;    245;    295;    342;    432;    533;    568;    547;    716;    663;    788;    753
#0_1_CPU;  71790; 144408; 223724; 297577; 376917; 457960; 522210; 593700; 669899; 762451; 837505; 898210; 988355;1063432;1150406;1227959
#0_total;  71833; 144480; 223909; 297730; 377116; 458205; 522505; 594042; 670331; 762984; 838073; 898757; 989071;1064095;1151194;1228712
#1_0_CPU;  30118;  30665;  29718;  30102;  30105;  33065;  30053;  30442;  29707;  29702;  30071;  29665;  30626;  30595;  30189;  29711
#1_1_GPU;  22296;  26154;  31545;  37388;  44490;  49575;  57051;  66969;  75853;  85006;  87716;  97161; 102636; 114161; 117628; 128190
#1_total;  52414;  56819;  61263;  67490;  74595;  82640;  87104;  97411; 105560; 114708; 117787; 126826; 133262; 144756; 147817; 157901

N=11008,K=4096,nth=2

#M      ;     32;     64;     96;    128;    160;    192;    224;    256;    288;    320;    352;    384;    416;    448;    480;    512
#0_0_CPU;     43;     72;    185;    153;    199;    245;    295;    342;    432;    533;    568;    547;    716;    663;    788;    753
#0_1_CPU;  35895;  72204; 111862; 148788; 188458; 228980; 261105; 296850; 334949; 381225; 418752; 449105; 494177; 531716; 575203; 613979
#0_total;  35938;  72276; 112047; 148941; 188657; 229225; 261400; 297192; 335381; 381758; 419320; 449652; 494893; 532379; 575991; 614732
#1_0_CPU;  15059;  15332;  14859;  15051;  15052;  16532;  15026;  15221;  14853;  14851;  15035;  14832;  15313;  15297;  15094;  14855
#1_1_GPU;  22296;  26154;  31545;  37388;  44490;  49575;  57051;  66969;  75853;  85006;  87716;  97161; 102636; 114161; 117628; 128190
#1_total;  37355;  41486;  46404;  52439;  59542;  66107;  72077;  82190;  90706;  99857; 102751; 111993; 117949; 129458; 132722; 143045

N=11008,K=4096,nth=4

#M      ;     32;     64;     96;    128;    160;    192;    224;    256;    288;    320;    352;    384;    416;    448;    480;    512
#0_0_CPU;     43;     72;    185;    153;    199;    245;    295;    342;    432;    533;    568;    547;    716;    663;    788;    753
#0_1_CPU;  17947;  36102;  55931;  74394;  94229; 114490; 130552; 148425; 167474; 190612; 209376; 224552; 247088; 265858; 287601; 306989
#0_total;  17990;  36174;  56116;  74547;  94428; 114735; 130847; 148767; 167906; 191145; 209944; 225099; 247804; 266521; 288389; 307742
#1_0_CPU;   7529;   7666;   7429;   7525;   7526;   8266;   7513;   7610;   7426;   7425;   7517;   7416;   7656;   7648;   7547;   7427
#1_1_GPU;  22296;  26154;  31545;  37388;  44490;  49575;  57051;  66969;  75853;  85006;  87716;  97161; 102636; 114161; 117628; 128190
#1_total;  29825;  33820;  38974;  44913;  52016;  57841;  64564;  74579;  83279;  92431;  95233; 104577; 110292; 121809; 125175; 135617

N=11008,K=4096,nth=6

#M      ;     32;     64;     96;    128;    160;    192;    224;    256;    288;    320;    352;    384;    416;    448;    480;    512
#0_0_CPU;     43;     72;    185;    153;    199;    245;    295;    342;    432;    533;    568;    547;    716;    663;    788;    753
#0_1_CPU;  11965;  24068;  37287;  49596;  62819;  76326;  87035;  98950; 111649; 127075; 139584; 149701; 164725; 177238; 191734; 204659
#0_total;  12008;  24140;  37472;  49749;  63018;  76571;  87330;  99292; 112081; 127608; 140152; 150248; 165441; 177901; 192522; 205412
#1_0_CPU;   5019;   5110;   4953;   5017;   5017;   5510;   5008;   5073;   4951;   4950;   5011;   4944;   5104;   5099;   5031;   4951
#1_1_GPU;  22296;  26154;  31545;  37388;  44490;  49575;  57051;  66969;  75853;  85006;  87716;  97161; 102636; 114161; 117628; 128190
#1_total;  27315;  31264;  36498;  42405;  49507;  55085;  62059;  72042;  80804;  89956;  92727; 102105; 107740; 119260; 122659; 133141

N=11008,K=4096,nth=8

#M      ;     32;     64;     96;    128;    160;    192;    224;    256;    288;    320;    352;    384;    416;    448;    480;    512
#0_0_CPU;     43;     72;    185;    153;    199;    245;    295;    342;    432;    533;    568;    547;    716;    663;    788;    753
#0_1_CPU;   8973;  18051;  27965;  37197;  47114;  57245;  65276;  74212;  83737;  95306; 104688; 112276; 123544; 132929; 143800; 153494
#0_total;   9016;  18123;  28150;  37350;  47313;  57490;  65571;  74554;  84169;  95839; 105256; 112823; 124260; 133592; 144588; 154247
#1_0_CPU;   3764;   3833;   3714;   3762;   3763;   4133;   3756;   3805;   3713;   3712;   3758;   3708;   3828;   3824;   3773;   3713
#1_1_GPU;  22296;  26154;  31545;  37388;  44490;  49575;  57051;  66969;  75853;  85006;  87716;  97161; 102636; 114161; 117628; 128190
#1_total;  26060;  29987;  35259;  41150;  48253;  53708;  60807;  70774;  79566;  88718;  91474; 100869; 106464; 117985; 121401; 131903

N=32000,K=4096,nth=1

#M      ;     32;     64;     96;    128;    160;    192;    224;    256;    288;    320;    352;    384;    416;    448;    480;    512
#0_0_CPU;     37;     75;    112;    166;    225;    257;    290;    392;    523;    558;    498;    634;    788;    635;    704;    746
#0_1_CPU; 212567; 429247; 660762; 883223;1101688;1320899;1552871;1759845;1991510;2202062;2433703;2665046;2865245;3072731;3313826;3527131
#0_total; 212604; 429322; 660874; 883389;1101913;1321156;1553161;1760237;1992033;2202620;2434201;2665680;2866033;3073366;3314530;3527877
#1_0_CPU;  89586;  87823;  87406;  86616;  87223;  86793;  87225;  87607;  89340;  87446;  88105;  86358;  87055;  88045;  88104;  86754
#1_1_GPU;  75546;  83690;  96690; 111686; 127966; 143483; 160656; 181798; 202197; 219307; 247961; 259437; 278111; 302886; 319815; 342492
#1_total; 165132; 171513; 184096; 198302; 215189; 230276; 247881; 269405; 291537; 306753; 336066; 345795; 365166; 390931; 407919; 429246

N=32000,K=4096,nth=2

#M      ;     32;     64;     96;    128;    160;    192;    224;    256;    288;    320;    352;    384;    416;    448;    480;    512
#0_0_CPU;     37;     75;    112;    166;    225;    257;    290;    392;    523;    558;    498;    634;    788;    635;    704;    746
#0_1_CPU; 106283; 214623; 330381; 441611; 550844; 660449; 776435; 879922; 995755;1101031;1216851;1332523;1432622;1536365;1656913;1763565
#0_total; 106320; 214698; 330493; 441777; 551069; 660706; 776725; 880314; 996278;1101589;1217349;1333157;1433410;1537000;1657617;1764311
#1_0_CPU;  44793;  43911;  43703;  43308;  43611;  43396;  43612;  43803;  44670;  43723;  44052;  43179;  43527;  44022;  44052;  43377
#1_1_GPU;  75546;  83690;  96690; 111686; 127966; 143483; 160656; 181798; 202197; 219307; 247961; 259437; 278111; 302886; 319815; 342492
#1_total; 120339; 127601; 140393; 154994; 171577; 186879; 204268; 225601; 246867; 263030; 292013; 302616; 321638; 346908; 363867; 385869

N=32000,K=4096,nth=4

#M      ;     32;     64;     96;    128;    160;    192;    224;    256;    288;    320;    352;    384;    416;    448;    480;    512
#0_0_CPU;     37;     75;    112;    166;    225;    257;    290;    392;    523;    558;    498;    634;    788;    635;    704;    746
#0_1_CPU;  53141; 107311; 165190; 220805; 275422; 330224; 388217; 439961; 497877; 550515; 608425; 666261; 716311; 768182; 828456; 881782
#0_total;  53178; 107386; 165302; 220971; 275647; 330481; 388507; 440353; 498400; 551073; 608923; 666895; 717099; 768817; 829160; 882528
#1_0_CPU;  22396;  21955;  21851;  21654;  21805;  21698;  21806;  21901;  22335;  21861;  22026;  21589;  21763;  22011;  22026;  21688
#1_1_GPU;  75546;  83690;  96690; 111686; 127966; 143483; 160656; 181798; 202197; 219307; 247961; 259437; 278111; 302886; 319815; 342492
#1_total;  97942; 105645; 118541; 133340; 149771; 165181; 182462; 203699; 224532; 241168; 269987; 281026; 299874; 324897; 341841; 364180

N=32000,K=4096,nth=6

#M      ;     32;     64;     96;    128;    160;    192;    224;    256;    288;    320;    352;    384;    416;    448;    480;    512
#0_0_CPU;     37;     75;    112;    166;    225;    257;    290;    392;    523;    558;    498;    634;    788;    635;    704;    746
#0_1_CPU;  35427;  71541; 110127; 147203; 183614; 220149; 258811; 293307; 331918; 367010; 405617; 444174; 477540; 512121; 552304; 587855
#0_total;  35464;  71616; 110239; 147369; 183839; 220406; 259101; 293699; 332441; 367568; 406115; 444808; 478328; 512756; 553008; 588601
#1_0_CPU;  14931;  14637;  14567;  14436;  14537;  14465;  14537;  14601;  14890;  14574;  14684;  14393;  14509;  14674;  14684;  14459
#1_1_GPU;  75546;  83690;  96690; 111686; 127966; 143483; 160656; 181798; 202197; 219307; 247961; 259437; 278111; 302886; 319815; 342492
#1_total;  90477;  98327; 111257; 126122; 142503; 157948; 175193; 196399; 217087; 233881; 262645; 273830; 292620; 317560; 334499; 356951

N=32000,K=4096,nth=8

#M      ;     32;     64;     96;    128;    160;    192;    224;    256;    288;    320;    352;    384;    416;    448;    480;    512
#0_0_CPU;     37;     75;    112;    166;    225;    257;    290;    392;    523;    558;    498;    634;    788;    635;    704;    746
#0_1_CPU;  26570;  53655;  82595; 110402; 137711; 165112; 194108; 219980; 248938; 275257; 304212; 333130; 358155; 384091; 414228; 440891
#0_total;  26607;  53730;  82707; 110568; 137936; 165369; 194398; 220372; 249461; 275815; 304710; 333764; 358943; 384726; 414932; 441637
#1_0_CPU;  11198;  10977;  10925;  10827;  10902;  10849;  10903;  10950;  11167;  10930;  11013;  10794;  10881;  11005;  11013;  10844
#1_1_GPU;  75546;  83690;  96690; 111686; 127966; 143483; 160656; 181798; 202197; 219307; 247961; 259437; 278111; 302886; 319815; 342492
#1_total;  86744;  94667; 107615; 122513; 138868; 154332; 171559; 192748; 213364; 230237; 258974; 270231; 288992; 313891; 330828; 353336
